-297	1067	-318	-297	1067	-102	-1615	858	1148	Walking
130	1867	301	130	1867	301	-1696	703	889	Walking
247	2315	108	247	2098	45	-1652	744	923	Walking
-1116	2052	722	-1270	2052	722	-1605	833	1085	Walking
7	728	-234	7	728	-234	-1596	1087	1236	Walking
-527	-50	198	-527	-50	348	-1429	1239	1293	Walking
-642	1367	846	-487	753	910	-1460	1201	1284	Walking
9	1103	1268	9	1103	1268	-1403	1236	1293	Walking
-313	737	249	-368	737	249	-1557	932	1137	Walking
-135	1236	-161	-212	1236	-161	-1653	770	961	Walking
-81	1525	195	5	1662	195	-1649	709	846	Walking
90	2362	288	-166	2160	155	-1617	711	864	Walking
-1146	2243	696	-1146	1913	723	-1584	806	1080	Walking
53	500	-270	53	756	-400	-1561	1096	1285	Walking
-309	208	382	-309	208	648	-1411	1216	1330	Walking
-507	-51	1278	-507	-51	1278	-1356	1248	1359	Walking
-236	318	285	-160	318	285	-1375	1188	1328	Walking
-527	965	27	-236	941	27	-1574	846	1110	Walking
-363	1106	185	-589	1068	49	-1647	725	968	Walking
-104	1757	214	-104	1725	197	-1630	679	877	Walking
-82	1864	-9	-82	1983	51	-1562	705	910	Walking
-373	2253	-1398	-373	2253	-203	-1580	855	1111	Walking
-93	127	-279	-93	127	-279	-1512	1149	1291	Walking
-231	445	1244	-231	445	1244	-1378	1200	1299	Walking
-1154	887	676	-685	887	676	-1298	1281	1316	Walking
69	1622	-313	171	1772	-313	-1378	1134	1277	Walking
-211	1328	-429	39	1521	-802	-1538	835	1078	Walking
-335	1201	328	-335	1358	523	-1558	732	927	Walking
-369	1650	261	-369	1473	353	-1551	716	873	Walking
-627	1894	119	-933	2048	130	-1469	809	1037	Walking
-56	760	-237	-56	760	-268	-1496	1098	1246	Walking
-483	89	970	-376	89	970	-1292	1250	1293	Walking
-711	2929	866	-711	2161	231	-1246	1287	1303	Walking
-253	896	294	-142	896	294	-1428	982	1195	Walking
-283	1080	-83	-283	1067	140	-1557	752	984	Walking
-137	1670	189	-148	1670	189	-1541	685	848	Walking
-514	1990	-220	-514	1981	-27	-1458	733	1221	Walking
-173	842	-201	-6	842	-201	-1493	1062	1276	Walking
-362	-5	700	-362	181	1124	-1316	1210	1336	Walking
-90	2700	675	-233	2700	675	-1199	1328	1365	Walking
-222	1277	190	-222	1027	294	-1376	1103	1337	Walking
-198	1128	-34	-241	1128	-34	-1579	815	1186	Walking
-62	1644	321	-62	1687	269	-1638	743	1077	Walking
-541	2065	-142	-737	2065	-142	-1618	873	1165	Walking
-19	829	-244	237	897	-380	-1679	1217	1295	Walking
-357	256	1073	-303	256	1073	-1473	1399	1304	Walking
-608	2631	580	-1888	2208	-45	-1385	1466	1299	Walking
-307	963	416	-307	963	416	-1530	1154	1229	Walking
-526	1039	24	-741	976	96	-1662	886	1027	Walking
-304	1727	218	-304	1727	474	-1671	813	931	Walking
-950	1911	421	-1039	2089	421	-1596	908	1068	Walking
127	751	-300	127	495	-341	-1600	1225	1254	Walking
-327	652	1634	-135	705	1634	-1410	1308	1274	Walking
-1700	1588	-337	-1700	1588	-57	-1339	1437	1283	Walking
-283	1030	417	-560	548	417	-1485	1090	1184	Walking
-731	954	138	-731	954	159	-1600	859	996	Walking
-416	1577	450	-472	1577	450	-1586	810	902	Walking
-1441	2167	555	-1441	2112	949	-1527	938	1101	Walking
116	-89	-490	158	-89	-490	-1528	1234	1271	Walking
-468	1691	2120	-1236	2378	2351	-1391	1292	1296	Walking
-1092	2336	439	-1130	2336	439	-1351	1406	1317	Walking
-582	687	224	-240	1140	78	-1531	1018	1191	Walking
-449	1382	457	-449	1382	713	-1618	861	1039	Walking
-467	1450	475	-153	1689	475	-1637	848	969	Walking
-1343	1959	1036	-1343	1959	383	-1602	1028	1143	Walking
-72	33	-395	-144	33	-395	-1527	1345	1262	Walking
-1337	4031	1756	-1337	4333	967	-1449	1327	1284	Walking
63	508	256	63	508	256	-1390	1431	1311	Walking
-225	1372	-296	-109	1436	-372	-1591	1006	1152	Walking
-214	1410	620	-214	1410	566	-1660	844	1018	Walking
-99	2081	-64	-223	2160	-64	-1668	851	1008	Walking
-1098	2057	-351	-1098	2057	428	-1702	1096	1182	Walking
-181	-70	-122	-246	-70	-122	-1576	1405	1266	Walking
-864	1037	1017	-608	385	915	-1524	1386	1267	Walking
0	1704	-648	0	1704	-648	-1517	1332	1249	Walking
-173	1133	-393	-111	923	-270	-1674	978	1031	Walking
-228	1321	182	-228	1321	182	-1705	884	916	Walking
-238	1810	-242	-314	1855	-243	-1666	887	924	Walking
-735	1033	175	-735	1033	-210	-1704	1068	1143	Walking
-350	-173	234	-418	-126	234	-1565	1308	1280	Walking
-892	-130	968	-892	-130	896	-1505	1306	1319	Walking
134	1627	-177	55	1627	-177	-1583	1116	1251	Walking
-258	770	279	-2	859	17	-1726	811	1003	Walking
-230	1802	335	-230	1802	335	-1713	702	820	Walking
-517	2073	-432	-574	1884	-432	-1635	734	932	Walking
-252	1361	-652	-252	1361	-283	-1708	1022	1216	Walking
-368	-88	549	-407	-88	549	-1539	1222	1320	Walking
-816	1421	1499	-816	2851	836	-1434	1318	1370	Walking
-324	1121	331	-371	1121	331	-1572	1058	1283	Walking
-367	989	-57	-532	1099	-108	-1720	791	1045	Walking
-72	1807	315	-72	1807	298	-1716	717	941	Walking
-1149	2184	673	-1455	2150	673	-1654	873	1134	Walking
40	649	-303	40	390	-371	-1730	1206	1278	Walking
-245	965	1486	-214	965	1486	-1533	1311	1317	Walking
-1464	2296	-515	-1976	1795	-192	-1442	1441	1347	Walking
-534	741	218	-534	741	218	-1638	1096	1234	Walking
-698	888	214	-760	853	206	-1752	880	1043	Walking
-310	1570	411	-310	1570	591	-1743	814	930	Walking
-1150	2119	307	-1347	2119	307	-1654	981	1095	Walking
-5	763	-382	-5	507	-471	-1634	1306	1196	Walking
-234	495	1174	-192	495	1174	-1413	1377	1175	Walking
-931	2248	111	-931	1874	120	-1314	1406	1155	Walking
-321	581	447	-434	581	447	-1481	1088	1018	Walking
-506	1054	-21	-762	1095	-51	-1588	886	845	Walking
-351	1729	190	-351	1729	190	-1593	810	733	Walking
-763	1965	-73	-1275	2011	90	-1548	789	925	Walking
-83	829	-158	-83	829	-158	-1656	1056	1172	Walking
-267	-29	931	-12	191	1354	-1497	1175	1281	Walking
-1655	1794	565	-1655	1794	565	-1424	1267	1334	Walking
-573	876	464	-573	876	464	-1555	1000	1230	Walking
-309	959	-195	-309	959	-308	-1673	756	986	Walking
-98	1847	278	-3	1857	278	-1659	679	821	Walking
-749	1896	-280	-749	1896	-280	-1576	726	966	Walking
-859	947	-99	-859	947	-171	-1683	936	1191	Walking
-331	-268	91	-360	-298	91	-1496	1208	1352	Walking
-440	-330	957	-440	-435	1164	-1391	1267	1372	Walking
57	1642	-81	-76	1642	-81	-1486	1073	1302	Walking
-326	831	7	-317	1000	-241	-1637	730	1004	Walking
-281	1615	520	-281	1615	520	-1612	663	849	Walking
-775	1983	-98	-990	1946	-251	-1524	721	987	Walking
-219	1135	-487	-219	1135	-231	-1634	959	1227	Walking
-481	-230	804	-475	-202	813	-1436	1150	1326	Walking
-44	2069	1144	-44	2069	1144	-1320	1262	1377	Walking
-454	1288	371	-360	1122	336	-1450	988	1285	Walking
-497	1085	-129	-497	1085	127	-1556	732	1059	Walking
-11	1710	130	20	1805	130	-1530	688	923	Walking
-1115	2007	-114	-1115	2007	207	-1458	786	1080	Walking
-242	550	-243	-147	735	-243	-1571	1055	1314	Walking
-353	30	748	-353	30	1072	-1345	1262	1389	Walking
-645	2612	299	-253	2569	299	-1200	1385	1409	Walking
-644	1159	490	-644	937	481	-1287	1100	1340	Walking
-371	991	-155	-338	997	-155	-1417	822	1165	Walking
-137	1770	363	-137	1757	331	-1369	732	1273	Walking
-439	2012	-94	-470	1850	-94	-1221	892	1124	Walking
-426	1103	-207	-426	1103	-81	-1193	1184	1302	Walking
-526	81	293	-536	81	293	-938	1387	1245	Walking
33	129	1779	-223	-130	2030	-832	1400	1172	Walking
-146	1629	-122	-146	1629	-122	-851	1322	1184	Walking
-244	951	77	-500	769	224	-897	1046	1072	Walking
-248	1542	68	-248	1542	68	-945	936	1003	Walking
-492	1933	-162	-748	1752	-151	-887	1031	1059	Walking
-894	1191	220	-894	1191	220	-891	1232	1227	Walking
-309	36	-52	-367	20	-44	-761	1434	1231	Walking
-815	1749	972	-815	1237	922	-747	1402	1211	Walking
-546	3915	523	-481	3915	523	-815	1468	1276	Walking
70	1389	-106	70	1150	-215	-1069	1046	1241	Walking
-338	1166	226	-293	1166	226	-1156	854	1133	Walking
-74	2172	380	-74	2287	313	-1200	856	1127	Walking
-838	2139	261	-925	2139	261	-1241	1055	1287	Walking
-246	303	-32	-246	307	-23	-1213	1390	1390	Walking
-700	1883	2413	-700	1883	2413	-1216	1259	1343	Walking
-893	1800	-213	-82	1310	-213	-1243	1379	1398	Walking
-520	919	76	-520	919	-180	-1593	924	1188	Walking
-120	1350	267	-41	1349	318	-1788	724	930	Walking
-649	1371	337	-649	1371	337	-1794	691	797	Walking
-1212	1881	687	-1386	2122	633	-1776	732	891	Walking
-114	1055	-49	-114	1055	-49	-1856	894	1071	Walking
-232	282	1197	-265	427	1178	-1783	912	1121	Walking
-1438	612	812	-1438	612	798	-1825	930	1152	Walking
-616	1832	439	-648	1800	439	-2008	778	860	Walking
-47	1246	-97	-47	1246	-50	-2003	746	289	Walking
-210	1408	294	-122	1580	345	-1886	802	83	Walking
-459	1693	-329	-459	1693	-526	-1679	731	78	Walking
-475	1219	-6	-396	1245	-6	-1669	604	373	Walking
-116	-108	455	-116	-108	711	-1605	587	611	Walking
-933	1146	785	-728	616	785	-1610	587	579	Walking
83	1377	-352	83	1377	-438	-1539	561	569	Walking
-83	1474	-383	26	1485	-383	-1446	694	49	Walking
-186	1348	262	-186	1348	315	-1265	866	-116	Walking
-301	2018	499	-224	1972	499	-1113	931	-146	Walking
-954	2310	460	-954	2310	-1226	-1049	703	104	Walking
-125	220	-99	-178	219	-99	-1141	592	452	Walking
-561	1803	2476	-561	1803	2666	-1170	610	362	Walking
-1766	1660	148	-1611	1972	148	-1169	635	507	Walking
-129	650	247	-129	650	63	-1135	698	252	Walking
-415	1085	114	-407	1007	86	-995	917	48	Walking
-117	1715	307	-117	1715	406	-909	1075	-7	Walking
-824	1837	-68	-1045	1846	-68	-898	985	86	Walking
-159	917	-412	-159	917	-210	-1060	790	344	Walking
-299	390	841	-262	327	841	-1139	742	407	Walking
-630	1461	1457	-630	2997	846	-1232	698	461	Walking
-371	1456	396	-313	1293	396	-1185	711	279	Walking
-443	981	54	-443	981	54	-1053	866	12	Walking
-255	1694	368	-183	1836	351	-931	1052	-82	Walking
-756	1976	-173	-756	1976	-173	-827	917	25	Walking
-401	1014	-377	-188	803	-357	-963	698	335	Walking
-281	79	710	-281	79	1222	-961	686	418	Walking
-801	-230	205	-728	880	77	-1058	669	438	Walking
-255	1817	437	-255	1049	312	-1027	741	249	Walking
-547	773	204	-714	895	204	-962	907	58	Walking
-170	1769	286	-170	1769	342	-886	1045	-23	Walking
-1159	1936	209	-1458	1850	209	-832	893	116	Walking
-140	765	-91	-140	765	-780	-929	719	452	Walking
-202	36	1683	2	261	1690	-919	718	464	Walking
-1683	1853	-12	-1683	1853	-12	-990	716	522	Walking
-600	579	317	-884	251	317	-991	770	247	Walking
-748	885	133	-748	885	80	-901	906	89	Walking
-624	1687	393	-681	1427	511	-801	1063	47	Walking
-1565	2123	554	-1565	2123	810	-747	941	196	Walking
145	504	-581	6	265	-620	-854	798	495	Walking
-213	1795	2184	-104	1795	2184	-893	785	376	Walking
-1085	2353	-301	-1085	1588	1108	-892	800	464	Walking
-634	961	238	-519	961	238	-880	851	207	Walking
-523	1204	394	-523	1204	502	-835	992	71	Walking
-477	1480	504	-278	1457	504	-753	1130	68	Walking
-1483	1986	1038	-1483	1986	1038	-726	958	296	Walking
-38	52	-574	-95	-46	-396	-848	846	520	Walking
-1889	4525	1194	-1878	4525	1194	-914	813	428	Walking
158	604	1065	158	-52	436	-941	818	492	Walking
-343	1221	-348	-101	1221	-348	-906	910	258	Walking
-224	1395	595	-224	1423	581	-873	1031	173	Walking
-202	1723	336	-38	1692	336	-827	1119	207	Walking
-433	2459	-1424	-433	2203	-830	-885	1012	409	Walking
