-96	1332	-24	-96	1332	-65	-892	915	764	Standing
-118	1333	-53	-118	1333	-53	-890	915	766	Standing
-104	1343	-58	-104	1343	-58	-885	926	770	Standing
-108	1341	-18	-108	1341	-37	-888	929	779	Standing
-130	1324	-107	-130	1324	-107	-886	925	775	Standing
-87	1334	13	-89	1350	13	-890	923	773	Standing
-127	1353	-26	-127	1353	-19	-887	930	771	Standing
-112	1340	-10	-112	1340	-10	-890	917	774	Standing
-133	1333	-10	-118	1322	-10	-889	914	754	Standing
-105	1341	17	-105	1335	-57	-889	910	765	Standing
-108	1342	-8	-108	1342	-29	-889	905	754	Standing
-96	1316	-50	-94	1316	-50	-887	914	766	Standing
-144	1335	23	-116	1342	23	-890	922	775	Standing
-108	1345	-21	-129	1312	-77	-886	907	770	Standing
-113	1332	-26	-113	1332	-72	-884	917	781	Standing
-128	1345	-62	-128	1345	-62	-883	922	770	Standing
-113	1340	-41	-120	1340	-41	-887	923	753	Standing
-105	1326	-28	-124	1326	-28	-885	925	768	Standing
-105	1339	-38	-134	1338	-38	-889	922	773	Standing
-90	1324	-232	-138	1340	-34	-887	918	768	Standing
-116	1332	-17	-116	1333	-43	-891	906	780	Standing
-140	1329	-18	-140	1329	-43	-903	914	803	Standing
-103	1339	4	-103	1339	4	-920	919	833	Standing
-129	1342	-37	-147	1351	-37	-944	922	870	Standing
-126	1344	-4	-136	1335	-63	-983	930	935	Standing
-102	1319	-3	-102	1307	-32	-1037	945	1001	Standing
-107	1317	33	-107	1317	33	-1099	953	1060	Standing
-62	1312	47	-53	1312	47	-1160	946	1113	Standing
-71	1318	28	-55	1320	73	-1204	948	1152	Standing
-50	1341	19	-50	1341	50	-1249	951	1177	Standing
-28	1288	56	-17	1288	56	-1283	954	1198	Standing
-47	1339	88	-18	1348	134	-1294	954	1194	Standing
-41	1314	113	-41	1334	79	-1291	967	1205	Standing
-70	1307	53	-57	1307	53	-1275	962	1192	Standing
-95	1286	44	-118	1259	44	-1253	950	1174	Standing
-37	1285	-30	-37	1324	40	-1204	945	1138	Standing
-47	1335	-20	-47	1335	-20	-1141	929	1085	Standing
-103	1363	-91	-121	1325	-91	-1073	924	1021	Standing
-109	1336	-98	-100	1325	-61	-1016	914	959	Standing
-31	1364	-39	-31	1364	-39	-958	919	896	Standing
-129	1326	-79	-70	1324	-79	-914	908	819	Standing
-122	1322	-100	-122	1326	-122	-881	913	733	Standing
-141	1334	-108	-141	1334	-108	-849	907	681	Standing
-107	1358	-112	-121	1349	-112	-825	911	605	Standing
-162	1344	-95	-161	1362	-58	-814	913	544	Standing
-117	1333	-35	-117	1333	-14	-816	906	465	Standing
-168	1337	-77	-170	1337	-77	-820	911	415	Standing
-167	1350	-106	-153	1350	-106	-831	909	361	Standing
-173	1343	-5	-173	1326	-49	-835	900	347	Standing
-188	1368	-63	-188	1368	-63	-839	898	328	Standing
-187	1336	-30	-172	1336	-30	-843	908	314	Standing
-202	1335	-38	-170	1324	-36	-844	914	317	Standing
-222	1329	-92	-222	1324	-38	-843	907	300	Standing
-186	1325	-65	-186	1325	-65	-839	914	311	Standing
-218	1327	-122	-204	1359	-53	-835	917	316	Standing
-219	1335	-97	-219	1335	-123	-829	914	328	Standing
-196	1341	-41	-196	1341	-41	-820	911	355	Standing
-193	1327	-106	-184	1302	-106	-811	915	400	Standing
-158	1333	-50	-183	1341	-59	-806	921	434	Standing
-174	1331	-110	-174	1331	-74	-800	922	486	Standing
-184	1343	-86	-167	1343	-86	-800	926	516	Standing
-163	1326	-49	-128	1326	-49	-807	926	570	Standing
-147	1340	-18	-147	1345	-58	-813	917	598	Standing
-121	1316	-48	-121	1316	-48	-830	911	644	Standing
-140	1330	-62	-92	1327	-62	-842	922	681	Standing
-134	1337	-49	-115	1344	-24	-853	923	729	Standing
-139	1329	-44	-139	1329	-35	-863	928	744	Standing
-143	1347	-32	-143	1347	-32	-873	930	777	Standing
-145	1343	-87	-118	1333	-87	-877	936	781	Standing
-159	1331	-99	-159	1338	-31	-881	930	777	Standing
-133	1334	-51	-133	1334	-124	-887	917	779	Standing
-153	1333	-131	-179	1333	-131	-884	933	784	Standing
-144	1342	217	-110	1330	12	-874	941	796	Standing
-145	1342	-72	-145	1313	-60	-872	939	784	Standing
-176	1336	-19	-176	1336	-19	-856	949	791	Standing
-331	1321	63	-271	1298	63	-843	958	808	Standing
-246	1337	15	-270	1322	-41	-841	968	829	Standing
-281	1297	118	-281	1297	71	-842	970	838	Standing
-285	1267	36	-285	1267	36	-823	996	835	Standing
-323	1304	93	-286	1317	93	-801	1014	827	Standing
-314	1316	15	-344	1337	18	-807	995	813	Standing
-233	1340	10	-233	1340	10	-820	990	815	Standing
-158	1357	-71	-180	1341	-71	-832	973	800	Standing
-151	1334	-17	-151	1341	-68	-844	955	760	Standing
-203	1323	-141	-203	1323	-141	-857	936	757	Standing
-158	1334	-66	-115	1349	-66	-864	941	738	Standing
-138	1335	-60	-138	1343	-88	-867	926	741	Standing
-78	1341	-68	-78	1341	-68	-880	906	735	Standing
-52	1340	-112	-72	1340	-112	-891	902	741	Standing
-108	1348	-142	-108	1361	-84	-897	898	724	Standing
-86	1365	-101	-86	1365	-101	-902	895	732	Standing
-67	1335	-124	-84	1335	-124	-902	893	731	Standing
-103	1344	-142	-76	1343	-89	-893	905	739	Standing
-117	1334	-107	-117	1334	-42	-887	911	753	Standing
-106	1326	-124	-106	1326	-124	-885	906	733	Standing
-132	1334	-146	-131	1335	-93	-877	927	739	Standing
-178	1380	-69	-178	1319	-60	-872	926	753	Standing
-126	1337	-38	-126	1337	-38	-867	932	762	Standing
-147	1348	-53	-149	1346	-53	-864	907	759	Standing
-174	1343	-42	-211	1369	-45	-851	918	774	Standing
-199	1339	-46	-199	1339	-50	-842	937	768	Standing
-190	1330	-31	-190	1330	-31	-844	931	774	Standing
-197	1339	-46	-186	1331	-46	-841	939	765	Standing
-202	1333	-74	-202	1335	-70	-838	950	768	Standing
-228	1348	-52	-228	1348	-30	-844	955	777	Standing
-213	1317	-46	-171	1317	-46	-842	945	770	Standing
-211	1344	-79	-212	1329	-79	-843	961	775	Standing
-210	1329	-95	-210	1352	8	-838	961	790	Standing
-206	1327	-81	-206	1327	-81	-844	951	781	Standing
-190	1336	-69	-214	1336	-69	-842	956	790	Standing
-208	1335	-105	-190	1331	-41	-843	956	778	Standing
-215	1355	-61	-215	1355	4	-845	949	777	Standing
-173	1324	-71	-173	1324	-71	-850	943	771	Standing
-190	1332	-2	-184	1344	-2	-843	945	776	Standing
-190	1321	-54	-186	1327	-72	-845	949	786	Standing
-186	1336	-45	-186	1336	-15	-849	942	774	Standing
-184	1337	-39	-184	1337	-39	-847	938	782	Standing
-181	1328	-9	-174	1342	-9	-845	939	754	Standing
-185	1347	-54	-185	1335	-17	-847	935	757	Standing
-180	1342	17	-180	1342	-38	-846	924	761	Standing
-157	1337	37	-148	1337	37	-845	931	766	Standing
-161	1324	11	-183	1340	4	-846	943	775	Standing
-149	1325	28	-149	1325	42	-849	930	773	Standing
-162	1321	18	-168	1321	18	-848	941	785	Standing
-137	1331	-185	-161	1333	-26	-847	946	801	Standing
-199	1354	49	-199	1354	62	-851	939	783	Standing
-151	1323	48	-141	1323	48	-854	932	783	Standing
-155	1333	-239	-155	1322	-5	-851	940	787	Standing
-145	1341	22	-145	1336	14	-853	946	792	Standing
-175	1334	-12	-180	1334	-12	-855	937	781	Standing
-185	1329	12	-151	1331	12	-858	942	786	Standing
-145	1324	27	-145	1335	10	-852	936	780	Standing
-195	1345	-63	-195	1345	-63	-856	938	780	Standing
-172	1330	-58	-187	1337	-58	-858	931	772	Standing
-166	1338	-32	-166	1343	0	-847	947	779	Standing
-167	1336	-23	-167	1336	-23	-844	943	774	Standing
-208	1348	-14	-182	1348	-14	-845	934	781	Standing
-205	1339	-86	-208	1335	-55	-850	934	773	Standing
-223	1329	-64	-223	1329	-64	-840	943	768	Standing
-210	1319	-26	-164	1319	-26	-843	947	772	Standing
-188	1332	-41	-169	1330	-36	-845	942	762	Standing
-168	1326	12	-168	1326	-244	-835	952	764	Standing
-213	1317	-58	-188	1336	-58	-840	952	767	Standing
-198	1346	-41	-198	1346	-36	-839	944	766	Standing
-186	1329	-57	-186	1329	-57	-842	935	761	Standing
-210	1353	9	-164	1344	9	-843	944	776	Standing
-195	1326	-44	-195	1328	-73	-839	948	760	Standing
-195	1331	-79	-195	1331	-79	-846	940	754	Standing
-174	1330	-56	-196	1322	-56	-840	947	780	Standing
-187	1347	-15	-179	1336	-35	-847	945	782	Standing
-176	1341	7	-176	1341	-67	-843	941	765	Standing
-185	1326	-30	-163	1326	-30	-844	932	764	Standing
-189	1335	-19	-189	1332	-84	-843	954	787	Standing
-179	1331	-49	-179	1331	-49	-840	947	773	Standing
-165	1325	-43	-182	1337	-43	-843	939	762	Standing
-201	1336	-91	-201	1330	-35	-842	942	768	Standing
-195	1324	-72	-195	1324	-23	-844	943	765	Standing
-191	1328	-28	-178	1328	-28	-841	941	768	Standing
-197	1333	-48	-181	1348	-27	-842	939	765	Standing
-203	1333	-32	-203	1333	-66	-839	947	779	Standing
-172	1339	-39	-200	1339	-39	-835	948	758	Standing
-180	1334	5	-187	1334	-71	-840	940	771	Standing
-168	1337	-12	-168	1337	-60	-839	934	760	Standing
-160	1321	-23	-160	1321	-23	-840	933	752	Standing
-197	1345	-41	-200	1338	-41	-839	930	745	Standing
-185	1339	-116	-185	1352	-5	-848	926	745	Standing
-167	1340	-85	-167	1340	-58	-849	924	738	Standing
-146	1338	-78	-143	1338	-78	-860	919	725	Standing
-142	1350	-87	-142	1338	-74	-865	906	723	Standing
-119	1340	-129	-119	1340	-95	-877	896	720	Standing
-109	1337	-73	-103	1337	-73	-878	895	717	Standing
-71	1348	-138	-80	1338	-138	-881	898	719	Standing
-82	1305	-94	-82	1343	-106	-882	890	710	Standing
-74	1344	-93	-74	1344	-93	-887	897	721	Standing
-72	1344	-74	-61	1340	-74	-893	893	723	Standing
-64	1338	-60	-83	1343	-78	-894	888	717	Standing
-81	1335	-135	-81	1335	-86	-893	876	715	Standing
-70	1353	-82	-88	1353	-82	-893	889	708	Standing
-86	1337	-93	-106	1338	-93	-886	887	708	Standing
-90	1342	-113	-93	1342	-113	-889	883	702	Standing
-95	1341	-96	-70	1345	-71	-878	891	699	Standing
-80	1347	-79	-80	1342	-97	-877	898	720	Standing
-112	1339	-85	-112	1339	-85	-874	899	708	Standing
-109	1352	-97	-109	1348	-97	-873	906	708	Standing
-112	1348	-94	-112	1348	-72	-863	903	716	Standing
-123	1321	-92	-123	1321	-92	-862	911	710	Standing
-120	1348	-91	-135	1365	-91	-857	906	714	Standing
-144	1327	-46	-128	1330	-44	-854	927	722	Standing
-142	1331	-47	-142	1331	-54	-843	931	731	Standing
-161	1332	-76	-161	1332	-76	-842	929	741	Standing
-188	1337	-57	-185	1334	-57	-836	948	765	Standing
-173	1343	2	-173	1341	-71	-836	944	748	Standing
-201	1346	-34	-201	1346	-34	-830	951	747	Standing
-215	1346	-66	-246	1346	-66	-829	949	749	Standing
-225	1333	-42	-229	1339	-18	-823	960	770	Standing
-210	1328	-37	-220	1344	-19	-818	985	784	Standing
-215	1327	-12	-215	1327	-6	-825	968	780	Standing
-198	1325	-19	-217	1325	-19	-826	977	798	Standing
-239	1346	-37	-240	1343	-37	-830	974	809	Standing
-220	1331	-24	-220	1328	-14	-837	969	806	Standing
-208	1331	-9	-201	1331	-9	-841	968	809	Standing
-204	1336	5	-204	1338	5	-837	975	818	Standing
-255	1314	-5	-511	1320	-25	-830	994	815	Standing
-243	1373	-22	-243	1373	-34	-828	988	821	Standing
-252	1324	-45	-290	1341	-45	-833	987	820	Standing
-189	1310	28	-251	1315	42	-838	989	860	Standing
-216	1236	56	-216	1236	43	-839	993	857	Standing
-350	1329	35	-311	1329	35	-838	995	869	Standing
-230	1270	133	-165	1260	140	-852	1020	914	Standing
-292	1349	108	-292	1349	364	-861	1018	947	Standing
-329	1374	20	-130	1370	20	-864	1032	967	Standing
-256	1314	107	-286	1317	87	-856	1024	956	Standing
-261	1265	124	-261	1265	123	-849	1035	953	Standing
-279	1315	120	-292	1315	120	-836	1039	945	Standing
-270	1231	168	-281	1252	168	-833	1047	941	Standing
-349	1312	132	-349	1261	172	-815	1042	934	Standing
-243	1333	81	-243	1333	81	-831	1039	945	Standing
-193	1247	132	-282	1247	132	-856	995	925	Standing
-268	1315	116	-268	1436	92	-860	988	933	Standing
-518	1181	26	-518	1181	266	-875	1047	1007	Standing
