-582	943	667	-582	943	667	-377	705	993	Descending
200	1370	334	197	2246	247	-343	782	1019	Descending
-51	733	501	-206	733	501	-379	571	924	Descending
-181	490	841	-173	456	590	-368	573	899	Descending
-99	746	333	-99	746	333	-353	658	928	Descending
-545	1586	833	-545	1586	833	-340	745	928	Descending
119	1285	1307	119	1285	1307	-309	1076	977	Descending
-345	25	198	-325	25	198	-274	1085	932	Descending
82	812	150	-174	989	372	-351	868	952	Descending
-356	699	392	-478	1088	340	-447	644	904	Descending
18	528	554	217	528	554	-412	705	891	Descending
-407	694	291	-407	694	285	-457	559	833	Descending
-187	753	1167	-165	602	1063	-464	562	849	Descending
-386	963	567	-506	963	567	-446	635	876	Descending
-1464	3801	2548	-1464	3801	2548	-364	936	906	Descending
-251	219	218	-377	11	170	-395	1057	965	Descending
-304	-169	428	-323	-169	428	-330	1005	869	Descending
13	1490	976	13	1490	753	-432	744	907	Descending
-1662	3013	2821	-1181	6112	2965	-413	685	909	Descending
-379	777	484	-839	889	484	-419	674	882	Descending
-371	926	741	-371	926	991	-417	611	838	Descending
55	804	92	86	757	92	-424	667	911	Descending
-326	1880	687	-326	1880	687	-384	717	893	Descending
-636	1203	1111	-380	1324	900	-319	992	923	Descending
-286	216	-37	-286	216	-37	-343	978	962	Descending
34	945	276	34	1534	357	-397	797	919	Descending
-851	717	607	-851	717	607	-399	669	858	Descending
397	1344	408	397	1344	27	-374	711	857	Descending
-549	927	369	-442	958	369	-371	588	771	Descending
-12	877	713	-12	877	713	-372	583	757	Descending
-159	924	341	-157	852	486	-343	633	768	Descending
-1133	2876	1566	-1133	2620	1586	-287	794	777	Descending
-482	1240	467	-437	916	290	-293	922	844	Descending
-124	-119	207	-100	-119	207	-300	829	812	Descending
-287	614	747	-287	614	726	-1600	244	650	Descending
-1018	1383	-159	-1018	1383	-159	-1615	282	543	Descending
108	2113	-76	108	2113	-95	-1578	219	507	Descending
-373	734	559	-373	734	559	-1625	224	398	Descending
-258	738	535	-258	738	535	-1610	215	385	Descending
-406	609	483	-492	780	390	-1598	225	507	Descending
-1257	2488	1173	-1257	2488	917	-1488	292	762	Descending
-604	26	28	-604	26	28	-1501	332	832	Descending
12	53	418	-22	53	418	-1503	222	656	Descending
-569	327	431	-569	327	687	-1532	188	498	Descending
328	865	468	1013	624	-639	-1486	177	529	Descending
-534	799	13	-464	948	13	-1548	173	459	Descending
-253	784	617	-253	784	617	-1529	162	428	Descending
-397	705	423	-296	758	371	-1505	161	487	Descending
-2087	1777	1491	-1842	1777	1491	-1324	228	771	Descending
-554	518	203	-554	518	203	-1322	246	809	Descending
-72	164	236	-72	164	343	-1403	176	666	Descending
-475	529	939	-526	398	939	-1467	125	468	Descending
-762	2167	650	-762	2167	-113	-1450	129	526	Descending
-427	1001	154	-262	919	112	-1464	117	441	Descending
-85	823	757	-137	823	757	-1445	108	367	Descending
-61	1126	114	-61	1126	177	-1455	113	470	Descending
-871	2442	1272	-871	3178	1427	-1379	135	638	Descending
-373	1514	487	-314	1281	487	-1340	247	858	Descending
-217	-58	91	-217	-58	75	-1402	260	858	Descending
-249	1364	1452	-249	1501	1259	-1431	135	618	Descending
-1149	2385	893	-1128	2355	893	-1447	131	575	Descending
-700	1981	767	-710	1981	767	-1432	132	601	Descending
-249	885	375	-249	885	323	-1465	120	483	Descending
-289	808	272	-272	768	553	-1473	134	518	Descending
-232	1821	591	-232	1821	591	-1419	147	613	Descending
-500	1094	843	-500	1214	703	-1335	278	857	Descending
-360	107	-70	-314	80	-70	-1383	298	859	Descending
-422	1035	1008	-422	1035	1280	-1404	188	674	Descending
-856	1718	-166	-771	1745	-166	-1423	179	572	Descending
-83	3121	606	-805	3121	606	-1412	175	597	Descending
-788	636	226	-788	636	226	-356	1019	988	Descending
-85	675	833	-85	675	833	-367	744	964	Descending
-418	503	587	-418	503	587	-444	631	933	Descending
-284	1010	-281	-51	800	-281	-381	684	907	Descending
-668	923	486	-367	1085	486	-382	614	865	Descending
-229	960	598	-229	960	632	-392	548	818	Descending
-298	706	-71	-298	706	-71	-394	605	869	Descending
-1629	3624	2006	-1629	3624	2006	-325	843	917	Descending
-497	765	294	-493	765	294	-320	1034	955	Descending
-228	136	162	-193	136	162	-331	965	944	Descending
-249	1149	1093	-249	777	918	-402	724	941	Descending
-689	5544	2896	-1240	5958	2934	-371	747	912	Descending
-1054	997	642	-1054	997	642	-348	670	835	Descending
-189	910	9	-119	906	164	-378	620	847	Descending
-381	522	113	-381	522	254	-359	717	887	Descending
-1949	2463	1736	-1693	1566	1387	-253	963	861	Descending
-730	756	376	-684	756	376	-300	1102	942	Descending
-44	111	287	-2	326	338	-344	921	957	Descending
-252	129	774	-194	129	774	-363	740	924	Descending
-700	3043	2235	-700	2895	1152	-309	729	865	Descending
-598	940	337	-567	940	337	-297	682	822	Descending
-172	779	550	-172	794	503	-319	692	865	Descending
-62	614	97	-62	614	97	-289	769	880	Descending
-1439	1993	1302	-1326	1878	1302	-194	1090	860	Descending
-620	191	100	-601	191	100	-245	1033	922	Descending
-104	446	641	-104	702	852	-243	821	869	Descending
-389	614	724	-367	528	724	-269	685	843	Descending
-388	3535	1493	-388	3535	952	-235	698	811	Descending
-723	909	488	-619	909	488	-233	617	740	Descending
-18	907	503	-85	902	651	-237	581	702	Descending
-174	843	284	-174	843	202	-215	591	658	Descending
-66	1116	227	-59	1116	227	-1507	153	379	Descending
-377	527	155	-482	677	155	-1489	210	509	Descending
-1608	1842	1436	-1608	1842	1436	-1393	228	772	Descending
-701	439	139	-581	506	139	-1394	292	882	Descending
-96	-178	213	-102	-209	216	-1425	264	841	Descending
-252	1286	1230	-252	774	950	-1467	144	584	Descending
-1268	2064	-97	-1268	2064	-97	-1468	122	467	Descending
-955	2367	706	-955	2367	706	-1459	117	507	Descending
-207	796	113	-180	943	195	-1500	119	374	Descending
-340	648	83	-331	648	83	-1496	105	382	Descending
-477	717	548	-477	899	416	-1475	107	499	Descending
-1631	874	1427	-540	1120	1427	-1321	200	804	Descending
-443	-44	26	-443	-44	-4	-1345	256	880	Descending
-240	56	31	-137	56	31	-1397	140	702	Descending
-251	335	1054	-251	335	899	-1444	90	488	Descending
146	466	132	466	282	132	-1419	90	533	Descending
-455	852	387	-455	852	387	-1429	74	384	Descending
90	421	656	90	427	468	-1407	74	373	Descending
-371	358	402	-418	477	402	-1436	90	491	Descending
-1966	3803	2215	-1966	3803	2215	-1334	129	684	Descending
-396	605	441	-396	477	293	-1350	236	888	Descending
-262	-17	385	-262	-17	385	-1348	213	834	Descending
-115	1259	1207	-115	1259	921	-1368	95	571	Descending
-934	2016	737	-1057	2168	61	-1389	89	483	Descending
-760	3539	588	-760	3539	588	-1379	93	500	Descending
-52	1024	51	-52	1024	2	-1408	93	373	Descending
-292	570	279	-400	372	339	-1417	109	400	Descending
-252	743	354	-252	743	354	-1370	129	508	Descending
-465	1098	483	-465	1098	483	-504	710	872	Descending
-316	1034	579	-301	1005	613	-489	690	895	Descending
-227	741	212	-270	763	212	-457	685	885	Descending
-365	1048	70	-523	1228	57	-400	709	885	Descending
-610	1603	1261	158	1897	1352	-361	1049	975	Descending
-649	12	-384	-649	12	-384	-379	1191	988	Descending
-107	41	46	-107	41	46	-361	1080	996	Descending
-66	1204	973	-114	1204	973	-430	729	1014	Descending
-560	5623	-520	546	741	-520	-396	689	987	Descending
-641	710	512	-641	710	512	-420	624	970	Descending
-105	1022	869	-105	931	914	-434	552	941	Descending
-304	469	482	-330	501	482	-393	639	973	Descending
-801	2292	1768	-801	2292	2792	-324	902	1028	Descending
-376	829	530	-451	565	530	-362	1113	1074	Descending
-164	34	-22	-135	34	-22	-354	1024	1050	Descending
180	1450	667	180	499	140	-460	734	1088	Descending
-1941	2413	1177	-1821	4057	1177	-411	671	1015	Descending
-567	1442	601	-567	1442	857	-402	684	1010	Descending
-294	915	258	-184	991	307	-448	589	994	Descending
-343	333	272	-343	333	272	-437	646	1005	Descending
-726	2097	1496	-787	2174	1375	-361	788	995	Descending
-483	1381	556	-330	1381	556	-366	1151	1047	Descending
-281	-202	-122	-281	-202	-122	-344	1103	1016	Descending
-258	1684	1102	-2	1632	1266	-367	843	998	Descending
-1270	2360	-892	-1270	2360	-892	-402	776	1013	Descending
-654	2303	562	-1210	2177	785	-346	840	961	Descending
-252	655	676	-130	655	676	-356	733	947	Descending
-721	394	210	-721	234	587	-304	782	922	Descending
-515	1431	867	-402	1572	867	-243	949	919	Descending
-539	1151	662	-533	1151	662	-219	1144	901	Descending
-282	85	86	-282	64	140	-220	1110	907	Descending
-70	569	818	-70	569	818	-261	860	938	Descending
-702	1191	421	-702	1191	-327	-318	768	966	Descending
-216	1472	299	-162	1472	299	-231	837	905	Descending
-394	666	570	-394	666	570	-262	684	869	Descending
-269	824	795	-269	877	677	-265	644	859	Descending
-144	905	982	-257	1072	788	-213	831	869	Descending
-75	1298	1191	-75	1298	1191	-136	1099	862	Descending
-396	303	315	-396	47	256	-151	1013	894	Descending
-103	815	-162	-103	815	-162	-1518	263	414	Descending
-490	1951	1415	-490	1951	1415	-1441	255	563	Descending
-326	1358	1110	-326	1358	1110	-1385	341	822	Descending
-316	-70	70	-316	-70	70	-1390	314	794	Descending
-469	1423	815	-482	1399	815	-1378	179	513	Descending
-995	1241	1172	-1251	1839	608	-1420	182	416	Descending
-105	1118	814	-105	1118	717	-1371	163	517	Descending
-139	1165	510	-139	1165	510	-1420	153	379	Descending
53	752	452	53	752	452	-1431	156	336	Descending
-309	772	282	-309	772	282	-1445	143	428	Descending
-1404	2517	1586	-1404	1832	1335	-1325	179	692	Descending
-383	336	2	-445	336	2	-1377	227	772	Descending
-252	-73	78	-252	-73	68	-1366	182	713	Descending
47	1287	754	-165	892	754	-1373	100	420	Descending
-1556	5207	2265	-1556	5207	217	-1382	109	478	Descending
-974	909	249	-974	987	-222	-1422	94	395	Descending
-157	858	767	-238	858	767	-1403	81	328	Descending
-395	635	162	-395	635	94	-1403	88	474	Descending
-1862	4094	1595	-1621	2940	1761	-1294	163	739	Descending
-772	728	237	-780	728	237	-1295	193	801	Descending
-178	-239	98	-178	-239	98	-1316	155	710	Descending
-264	694	795	-8	230	711	-1348	101	488	Descending
-1298	4506	2741	-1446	6044	2741	-1387	121	480	Descending
-1091	1162	274	-1091	1162	274	-1391	120	479	Descending
-145	936	78	-143	992	149	-1387	120	415	Descending
-250	622	162	-120	622	162	-1334	137	525	Descending
-1322	2018	1948	-1322	2018	1948	-1245	246	750	Descending
-1122	991	813	-1122	968	632	-1257	312	833	Descending
-179	-14	217	-167	-14	217	-1381	265	765	Descending
-449	1623	745	-449	1111	563	-1413	205	596	Descending
-791	1067	231	-993	1162	34	-1442	234	558	Descending
622	1519	332	759	1519	332	-1431	239	568	Descending
-227	778	327	-227	778	321	-1472	238	484	Descending
-141	1004	317	-323	938	569	-310	626	871	Descending
-243	460	416	-243	460	315	-288	731	951	Descending
-424	3148	1106	-462	2453	1171	-282	755	948	Descending
-552	1452	894	-552	1452	646	-220	1119	963	Descending
-249	-54	205	-249	-54	205	-247	1047	993	Descending
-216	925	488	-216	925	488	-323	829	1024	Descending
-941	1709	-31	-1339	2025	-924	-323	674	950	Descending
980	1467	226	980	1467	226	-312	731	953	Descending
-683	708	729	-683	708	729	-321	565	856	Descending
-131	576	347	-131	542	142	-326	593	860	Descending
-529	748	426	-448	762	426	-311	669	893	Descending
-729	1097	1719	-729	1097	1218	-277	1011	972	Descending
-392	-40	-388	-229	-150	-345	-327	1046	1014	Descending
-154	513	418	-137	513	418	-319	828	970	Descending
-883	1130	818	-883	1130	818	-387	668	970	Descending
251	828	367	251	1162	696	-350	730	946	Descending
-348	878	422	-424	718	422	-374	560	878	Descending
-95	797	1160	-131	797	1160	-374	565	882	Descending
-581	907	625	-581	651	768	-333	690	921	Descending
-968	1801	1653	-837	1473	1550	-271	959	966	Descending
-422	345	-90	-422	345	-90	-277	1027	995	Descending
-278	-93	241	-278	163	204	-279	860	975	Descending
-564	610	1007	-564	549	849	-301	671	899	Descending
127	85	714	366	85	714	-248	710	868	Descending
-768	611	553	-768	611	445	-284	575	825	Descending
-1	736	728	-143	588	728	-293	579	855	Descending
-668	851	413	-668	851	413	-259	681	891	Descending
-1176	1919	1629	-1176	1919	1520	-224	1036	975	Descending
-574	44	43	-352	-12	-72	-231	1029	979	Descending
-11	159	210	-11	159	192	-220	860	938	Descending
-556	523	669	-654	880	750	-282	632	888	Descending
-777	1534	1234	-777	1534	1234	-1335	253	814	Descending
-301	186	62	-255	177	62	-1371	328	893	Descending
-386	1516	1133	-386	1516	1133	-1456	158	629	Descending
-1362	1813	-606	-1180	1813	-606	-1466	137	548	Descending
214	1056	180	473	1534	77	-1455	137	579	Descending
-422	675	465	-422	686	577	-1513	146	454	Descending
-313	478	459	-313	734	198	-1520	154	496	Descending
-315	802	498	-315	802	498	-1501	167	572	Descending
-1658	1930	1643	-1658	1930	1387	-1377	277	824	Descending
-455	-6	105	-455	-55	-11	-1432	363	936	Descending
-184	-365	-6	-184	-365	-6	-1427	276	833	Descending
-518	289	597	-518	289	754	-1509	158	535	Descending
-1361	3903	8	-20	1273	96	-1500	189	608	Descending
-323	725	196	-496	725	196	-1500	159	504	Descending
-118	975	673	-118	975	697	-1493	148	425	Descending
-370	666	139	-433	558	317	-1527	178	544	Descending
-425	2205	1740	-875	2087	1740	-1469	216	699	Descending
-337	1268	709	-337	1268	604	-1411	320	877	Descending
-253	-125	91	-242	-164	91	-1479	325	846	Descending
-125	1218	832	-125	1218	832	-1508	203	624	Descending
-970	2112	-382	-1017	2281	-379	-1534	183	504	Descending
-773	2373	712	-1267	2373	712	-1517	178	560	Descending
101	981	211	101	1082	318	-1531	163	454	Descending
-417	568	361	-485	568	361	-1530	165	499	Descending
-345	1236	207	-345	1236	223	-1493	172	608	Descending
-554	1157	1037	-307	1158	1155	-1429	260	825	Descending
-376	355	-33	-376	355	-33	-1487	306	875	Descending
-136	202	-12	-136	458	49	-1531	225	737	Descending
-385	471	1362	-480	584	1248	-1561	159	525	Descending
-84	695	-1161	128	526	-1161	-1568	157	565	Descending
-479	951	447	-479	951	447	-1593	129	446	Descending
-86	762	803	-86	755	857	-1555	117	362	Descending
-227	628	139	-337	750	139	-1540	72	403	Descending
-269	303	288	-252	285	261	-320	967	1029	Descending
-569	1088	1313	-569	1088	1313	-394	709	1046	Descending
-315	3798	771	-315	778	303	-402	680	1025	Descending
-683	897	199	-683	1153	43	-386	598	960	Descending
-267	877	548	-267	877	548	-405	557	948	Descending
46	1222	489	46	1222	489	-355	695	978	Descending
-332	1442	720	-439	1838	518	-337	805	995	Descending
78	1315	1132	78	1398	1174	-314	1178	1030	Descending
-322	-186	119	-322	-146	172	-257	1227	943	Descending
-44	345	427	137	345	427	-357	995	1036	Descending
-907	1167	1251	-907	1055	858	-459	698	991	Descending
642	80	197	588	80	197	-435	765	1005	Descending
-383	706	191	-383	706	200	-467	594	941	Descending
170	744	581	279	875	581	-457	610	943	Descending
-495	675	311	-495	675	311	-402	735	925	Descending
-1983	3025	1578	-1780	2149	1633	-349	1059	936	Descending
-712	510	249	-712	510	326	-351	1132	940	Descending
-323	-47	-199	-359	-47	-199	-391	1031	982	Descending
-263	1358	1681	-263	1505	1446	-428	803	947	Descending
-1197	4708	3579	-1855	4610	3579	-448	728	916	Descending
-1071	903	433	-1071	657	804	-419	706	870	Descending
-40	931	460	-219	931	460	-457	626	861	Descending
-140	722	464	-140	722	720	-444	670	874	Descending
-541	820	405	-403	888	405	-409	738	882	Descending
-388	1144	1493	-263	1144	1493	-391	1062	948	Descending
-476	312	112	-476	235	118	-376	1118	940	Descending
-29	473	-184	-29	473	-184	-405	903	949	Descending
-400	91	1167	-404	333	996	-403	710	880	Descending
230	68	-565	230	68	203	-369	760	860	Descending
-120	1039	504	-240	838	448	-394	623	812	Descending
-159	1112	877	-159	1112	1133	-421	572	787	Descending
368	1017	135	297	961	135	-410	688	854	Descending
-1718	2745	2374	-1718	2745	2202	-345	933	900	Descending
-572	653	624	-510	653	624	-392	1072	979	Descending
-220	-179	164	-234	-236	175	-369	943	932	Descending
-154	1834	1386	-154	1834	1386	-391	737	887	Descending
-1346	3546	1457	-1346	4570	2741	-421	710	884	Descending
-533	859	907	-905	859	907	-379	708	838	Descending
-739	2953	1218	-739	2953	2242	-1488	211	595	Descending
-263	-95	185	-263	-95	185	-1458	427	970	Descending
-338	55	17	-338	55	20	-1502	335	856	Descending
-140	1645	1304	-140	1645	1304	-1545	208	547	Descending
-1356	4507	2874	-1356	4507	2874	-1544	218	551	Descending
-920	560	637	-869	707	637	-1566	191	474	Descending
-83	1233	585	-83	1233	954	-1577	202	365	Descending
-331	410	70	-331	410	70	-1572	194	465	Descending
-158	2572	944	-158	2572	1200	-1520	190	574	Descending
80	1248	653	174	1223	653	-1493	320	845	Descending
-271	-323	-83	-271	-323	-83	-1481	297	831	Descending
-396	1491	1503	-271	1969	1324	-1455	159	532	Descending
-2241	2380	137	-2219	2380	137	-1412	142	499	Descending
-644	1731	511	-900	1627	569	-1420	138	508	Descending
-255	788	2	-193	788	2	-1455	120	361	Descending
-555	536	131	-555	323	192	-1450	119	420	Descending
-372	2176	1016	-288	2176	1016	-1376	129	576	Descending
-688	1086	881	-688	958	615	-1338	276	863	Descending
-314	17	-143	-317	17	-143	-1361	255	849	Descending
-271	1103	1208	-271	1103	1431	-1358	126	618	Descending
-862	1363	1106	-1038	1401	1106	-1412	111	489	Descending
176	1057	130	176	1057	130	-1378	105	550	Descending
-429	720	519	-402	669	519	-1417	91	426	Descending
-242	1027	644	-242	1027	629	-1403	87	446	Descending
-404	957	452	-404	1206	288	-1393	121	610	Descending
-768	1236	1222	-513	1236	1222	-1288	255	853	Descending
-444	207	137	-444	114	125	-1351	272	863	Descending
113	585	558	113	585	558	-1406	153	648	Descending
-1060	1213	1017	-1254	1868	1011	-1442	126	548	Descending
323	1077	455	246	1077	455	-1414	151	579	Descending
-405	708	483	-149	730	395	-1455	137	452	Descending
-169	642	465	-169	642	465	-1441	132	460	Descending
-528	963	327	-528	1124	560	-1458	173	598	Descending
-858	1629	1571	-855	1409	1629	-1380	325	849	Descending
-438	261	-66	-338	261	-66	-1439	346	855	Descending
121	172	-98	121	437	-40	-1430	259	720	Descending
497	501	-621	497	501	-621	-389	710	897	Descending
-275	1013	156	-314	1188	159	-400	581	828	Descending
-495	864	6	-495	864	6	-441	553	859	Descending
-535	1408	522	-495	1599	763	-407	624	876	Descending
-771	1256	1304	-771	1256	1110	-326	976	944	Descending
-354	269	-191	-354	269	-191	-342	1045	969	Descending
-204	344	240	-204	344	240	-353	901	962	Descending
-283	107	539	-422	241	539	-462	663	967	Descending
408	2754	-540	615	697	-593	-415	754	957	Descending
-226	826	10	-226	826	266	-408	617	882	Descending
-241	969	589	-264	829	637	-438	548	874	Descending
113	781	322	-57	926	322	-404	644	890	Descending
-1090	2702	1236	-1090	2958	1390	-317	859	900	Descending
-209	1420	519	-212	1088	560	-332	1089	956	Descending
-294	-74	-13	-294	-74	-13	-363	1003	979	Descending
30	1813	1221	30	1441	1253	-389	759	940	Descending
-1187	5398	2523	-1341	5398	2523	-371	717	903	Descending
-1256	867	576	-1191	691	554	-346	677	854	Descending
-25	888	749	-60	888	749	-375	613	845	Descending
-229	611	11	-229	611	314	-354	682	876	Descending
-407	1874	1167	-588	2046	1350	-298	828	885	Descending
-90	1254	667	-162	1076	667	-278	1082	938	Descending
-251	-127	-48	-251	-127	-49	-331	934	968	Descending
-482	448	1051	-642	448	1051	-332	701	887	Descending
-964	2961	1315	-62	5273	1179	-277	724	874	Descending
-769	1227	551	-946	1227	551	-273	683	813	Descending
-105	476	134	-105	529	211	-315	632	858	Descending
226	1380	763	15	1380	763	-312	670	867	Descending
-853	1962	1067	-853	1962	1144	-216	827	822	Descending
-545	-129	171	-545	-129	171	-1460	245	798	Descending
-177	1357	1232	-344	1357	1232	-1438	204	548	Descending
-707	2606	978	-707	2606	978	-1518	196	623	Descending
-925	898	574	-733	909	359	-1487	162	512	Descending
138	790	320	138	790	402	-1500	162	399	Descending
-505	52	-110	-505	52	-110	-1496	163	482	Descending
-255	2164	1132	-434	2164	1132	-1438	171	601	Descending
-211	927	1106	-211	928	942	-1386	293	862	Descending
-252	-16	61	-252	-16	61	-1413	257	793	Descending
62	832	579	-25	1196	553	-1448	130	518	Descending
-1156	1830	-545	-1156	1830	-545	-1484	136	499	Descending
-507	2480	647	-753	2070	647	-1450	132	559	Descending
-379	624	661	-379	624	661	-1469	117	435	Descending
-28	489	109	-28	487	-9	-1471	123	443	Descending
-541	1919	624	-388	1853	624	-1443	117	563	Descending
-95	1449	905	-95	1449	767	-1352	200	796	Descending
-337	-55	-25	-337	-131	-80	-1367	209	800	Descending
57	1032	1069	43	1032	1069	-1398	93	522	Descending
-1468	2029	-296	-1468	1931	-160	-1430	96	444	Descending
-478	2409	357	-794	2433	357	-1392	77	467	Descending
-237	788	598	-237	788	531	-1401	74	337	Descending
-303	272	119	-241	329	9	-1378	71	395	Descending
-594	1290	725	-594	1290	981	-1361	87	537	Descending
-422	1222	951	-333	1310	951	-1299	198	807	Descending
-42	-120	293	-252	-120	293	-1371	216	843	Descending
47	483	350	-27	643	632	-1382	104	596	Descending
-714	772	620	-714	772	620	-1381	76	438	Descending
425	549	23	55	832	514	-1341	84	517	Descending
-290	948	508	-426	948	508	-1368	67	420	Descending
-28	501	729	-28	501	515	-1382	71	388	Descending
-447	872	510	-450	848	279	-1352	94	494	Descending
-1790	1583	1492	-1790	1583	1492	-1243	188	783	Descending
-331	401	-139	-356	190	-139	-1301	292	904	Descending
-118	-228	-47	-118	-228	-49	-1352	202	768	Descending
-781	493	912	-525	448	784	-1377	129	514	Descending
-216	205	-1167	-93	205	-1167	-1367	164	564	Descending
-358	-159	86	-358	-159	15	-317	983	1014	Descending
-562	736	1630	-562	736	1451	-377	670	1000	Descending
-20	6682	2118	-788	4661	2579	-394	649	1005	Descending
-1155	1189	603	-1155	1189	603	-375	612	965	Descending
-109	1026	450	-109	1026	450	-457	509	969	Descending
-212	510	-403	22	415	-403	-457	606	1028	Descending
-623	1266	434	-623	1795	865	-404	706	1029	Descending
-294	1706	1445	-294	1706	1445	-361	1092	1090	Descending
-150	-311	-69	-150	-311	-69	-345	1135	1048	Descending
207	476	450	288	917	500	-442	883	1105	Descending
-478	852	817	-478	852	817	-471	725	1065	Descending
205	254	495	115	894	495	-423	814	1052	Descending
-422	888	439	-422	888	439	-387	653	972	Descending
-151	760	745	-151	559	764	-384	642	947	Descending
-424	1008	760	-265	1008	760	-329	786	946	Descending
-238	1490	1315	-238	1405	1231	-248	1119	914	Descending
-520	448	68	-374	261	68	-273	1134	961	Descending
198	333	19	198	333	184	-358	913	1032	Descending
-439	226	819	-667	168	913	-349	787	992	Descending
377	795	410	260	795	410	-289	917	959	Descending
-749	798	649	-749	798	677	-278	759	898	Descending
-206	696	490	-219	602	490	-272	759	900	Descending
-521	808	139	-521	808	219	-223	840	893	Descending
-1087	1503	1662	-774	1023	1662	-185	1108	889	Descending
-308	232	195	-308	232	181	-241	1166	978	Descending
204	422	123	3	422	123	-274	970	1005	Descending
-577	539	854	-577	795	698	-287	754	960	Descending
456	690	-139	383	1	-139	-238	837	937	Descending
-231	965	340	-231	965	340	-241	704	877	Descending
-218	673	1097	-218	562	1079	-253	635	854	Descending
-484	492	841	-463	492	841	-200	695	836	Descending
210	860	289	41	860	289	-1448	164	397	Descending
-925	1210	1160	-669	1106	978	-1333	255	728	Descending
-418	-65	42	-343	-55	42	-1374	257	799	Descending
141	-35	-14	141	-1	-27	-1371	172	632	Descending
-936	404	1253	-936	404	1253	-1379	121	374	Descending
557	702	-500	557	702	-500	-1392	144	447	Descending
-379	824	288	-379	824	288	-1383	109	338	Descending
-199	1092	1270	-186	1046	1110	-1385	114	285	Descending
47	829	142	47	829	21	-1419	114	427	Descending
-758	2413	1385	-607	2413	1385	-1378	99	538	Descending
-209	1008	774	-209	1008	713	-1316	234	852	Descending
-245	-182	-201	-100	-91	-113	-1351	196	790	Descending
-66	1943	1037	-192	1943	1037	-1332	82	490	Descending
-2162	3795	3847	-2162	4466	4450	-1288	94	516	Descending
-812	1255	706	-880	1279	706	-1311	83	537	Descending
-292	490	474	-292	746	393	-1366	72	400	Descending
-119	557	-57	-169	661	-57	-1372	100	466	Descending
-569	2272	1516	-569	2272	1516	-1326	145	647	Descending
-336	1121	583	-478	981	579	-1297	241	811	Descending
-211	-211	-97	-167	-211	-97	-1335	224	785	Descending
-38	1264	1156	-38	1533	1107	-1353	135	546	Descending
-1123	1842	2307	-634	4876	2307	-1395	184	539	Descending
-779	1006	92	-779	1006	92	-1379	169	513	Descending
-141	581	188	-104	571	189	-1387	164	451	Descending
-138	330	6	-118	330	6	-1400	199	531	Descending
-2682	3211	2015	-2682	3211	1026	-1298	307	748	Descending
-838	591	280	-747	522	119	-1351	377	830	Descending
-170	-297	144	-170	-297	144	-1431	331	709	Descending
-434	367	899	-503	400	840	-1435	310	639	Descending
-381	469	486	-381	469	350	-268	1030	995	Descending
-110	552	108	-110	552	108	-258	864	970	Descending
-1071	846	1111	-1071	846	1111	-315	669	907	Descending
261	667	415	326	667	415	-321	747	961	Descending
-426	698	573	-625	767	573	-334	582	873	Descending
-144	713	592	-144	761	766	-344	567	869	Descending
-124	793	439	-124	793	439	-333	630	880	Descending
-1398	3615	1993	-1398	3615	1993	-25	906	917	Descending
-372	1014	409	-344	793	409	-298	1012	982	Descending
-78	-298	25	-78	-298	112	-283	919	965	Descending
-547	408	877	-727	408	877	-346	667	922	Descending
-731	2425	518	-731	2425	50	-317	720	907	Descending
-830	734	97	-515	827	48	-297	621	844	Descending
8	1067	385	-19	1067	385	-331	576	832	Descending
-204	698	-178	-204	1210	-20	-322	678	888	Descending
-1368	1475	1115	-459	1475	1115	-243	991	934	Descending
-504	268	373	-504	268	229	-323	1048	1033	Descending
123	607	431	-14	558	431	-343	819	1021	Descending
-1275	1313	-4	-1275	1313	-4	-289	694	904	Descending
255	1661	588	511	2254	319	-248	772	928	Descending
-362	714	555	-362	714	555	-269	619	873	Descending
-303	824	1019	-303	680	996	-277	616	886	Descending
-674	1713	553	-637	1713	553	-243	712	920	Descending
-530	1155	1223	-530	1155	959	-174	1072	960	Descending
-312	285	-362	-238	303	-362	-236	999	1019	Descending
-440	913	1156	-440	1425	1505	-235	759	952	Descending
-1152	1283	487	-573	1421	487	-259	652	909	Descending
-553	3080	598	-553	3080	1054	-233	677	896	Descending
-73	598	509	-164	588	266	-272	575	866	Descending
229	1213	349	229	1213	349	-1440	138	548	Descending
-162	953	568	-187	1078	568	-1454	185	388	Descending
114	514	506	114	514	506	-1464	126	443	Descending
-470	1940	915	-470	1940	915	-1417	139	613	Descending
-78	1060	1068	-233	1060	1068	-1359	276	871	Descending
-166	-118	-111	-166	-43	-96	-1383	320	928	Descending
-241	357	275	-241	357	275	-1384	192	737	Descending
-758	1096	766	-758	1096	766	-1473	139	514	Descending
791	253	-131	791	253	-131	-1463	152	573	Descending
-354	774	329	-98	889	125	-1498	142	457	Descending
-116	638	954	-116	638	954	-1504	140	444	Descending
-261	767	393	-414	725	428	-1492	164	566	Descending
-1907	2927	2043	-1987	2927	2043	-1401	255	791	Descending
-735	718	163	-735	462	66	-1361	321	903	Descending
-98	-85	330	-32	43	416	-1435	255	759	Descending
-228	268	585	-228	268	585	-1519	195	560	Descending
-556	2731	4128	-852	296	-1273	-1567	248	637	Descending
-159	962	447	-242	962	447	-1522	178	523	Descending
137	895	732	137	895	805	-1500	154	415	Descending
-43	576	404	13	707	454	-1504	160	501	Descending
-561	1955	968	-561	1955	1480	-1521	188	574	Descending
-168	1437	847	-424	1547	619	-1483	297	815	Descending
-331	-156	94	-331	-156	94	-1506	313	844	Descending
-100	1589	957	-100	1845	1194	-1504	166	576	Descending
-987	1773	-1186	-733	1909	-1176	-1542	163	490	Descending
-688	2977	738	-688	2977	275	-1508	146	515	Descending
-105	1056	-115	-201	1105	205	-1545	147	427	Descending
-76	588	-79	-78	588	-79	-1551	139	474	Descending
-343	950	450	-87	991	421	-1552	150	579	Descending
-809	1333	1689	-778	1333	1689	-1498	253	843	Descending
-951	2675	150	-951	2675	150	-270	751	939	Descending
-15	639	606	-96	487	553	-265	674	902	Descending
-103	681	-6	-186	681	-6	-283	702	913	Descending
-924	2309	1415	-957	2322	1415	-281	783	928	Descending
-384	1471	934	-401	1217	934	-313	1204	1012	Descending
-284	-323	162	-284	-405	115	-327	1116	1047	Descending
-226	1263	413	-226	1263	682	-347	876	1014	Descending
-1357	1737	287	-1357	1737	287	-352	745	935	Descending
118	1387	680	118	1387	680	-376	806	957	Descending
-301	705	649	-45	612	550	-400	663	930	Descending
-398	400	604	-287	400	604	-430	699	951	Descending
-353	970	182	-703	1461	157	-396	839	959	Descending
171	945	1191	171	945	1191	-452	1282	1022	Descending
-357	-198	39	-263	-158	117	-392	1224	967	Descending
-114	1070	167	-114	1070	264	-383	938	958	Descending
-675	885	1197	-931	784	1197	-421	724	904	Descending
563	-192	214	563	-192	726	-417	834	929	Descending
-583	845	525	-562	801	525	-412	668	845	Descending
77	466	290	77	466	290	-439	642	864	Descending
-392	412	77	-362	616	104	-393	752	881	Descending
-1766	1133	1861	-706	1133	1861	-345	1113	913	Descending
-411	-214	-180	-411	-470	-126	-386	1186	973	Descending
-83	379	291	-49	379	291	-388	919	949	Descending
-1132	664	1171	-1132	920	1179	-399	768	890	Descending
234	1061	148	-159	1061	148	-388	874	912	Descending
-253	1103	548	-253	847	594	-380	711	839	Descending
-389	447	624	-259	426	562	-380	672	826	Descending
-270	685	375	-261	685	375	-343	788	837	Descending
-1354	1004	1755	-1098	987	1779	-290	1105	855	Descending
-340	214	150	-340	214	150	-337	1161	931	Descending
-315	-63	95	-315	49	37	-326	985	925	Descending
-503	457	941	-503	457	941	-374	726	874	Descending
448	161	-76	717	-34	-76	-364	819	896	Descending
-1043	672	898	-1043	672	562	-1572	216	476	Descending
-284	674	902	-284	674	902	-1560	236	374	Descending
-595	469	892	-595	469	892	-1558	209	486	Descending
-2284	3200	2846	-2284	3200	2846	-1449	234	706	Descending
-476	772	41	-393	544	41	-1477	317	837	Descending
-165	-218	130	-165	-201	161	-1500	272	746	Descending
-287	1075	841	-287	914	1095	-1496	182	480	Descending
-333	3377	2644	-333	3377	2644	-1457	195	540	Descending
-876	866	539	-876	866	283	-1502	172	490	Descending
-244	822	158	-244	869	380	-1481	157	437	Descending
-418	939	248	-418	939	504	-1460	150	504	Descending
-2344	3075	2000	-2320	2292	1790	-1364	206	751	Descending
-485	262	78	-398	262	78	-1366	276	834	Descending
132	92	171	132	92	366	-1389	169	647	Descending
-605	431	363	-626	431	363	-1425	122	479	Descending
-33	272	414	-33	1117	618	-1371	126	590	Descending
-652	713	517	-695	713	517	-1430	112	453	Descending
-136	505	750	-136	505	494	-1404	105	435	Descending
-724	815	426	-724	815	394	-1415	117	551	Descending
-1337	1470	1324	-723	1364	1324	-1298	212	814	Descending
-459	199	40	-459	199	-71	-1372	269	874	Descending
-30	3	166	-30	3	166	-1387	151	667	Descending
-889	312	665	-889	974	879	-1417	121	565	Descending
-97	851	283	83	851	283	-1359	154	687	Descending
-354	782	446	-354	733	665	-1421	117	548	Descending
-208	502	680	-230	502	680	-1426	126	570	Descending
-561	1070	564	-561	1070	308	-1400	160	650	Descending
-940	1120	1321	-853	1179	1321	-1309	290	882	Descending
-463	118	103	-463	118	103	-1385	293	859	Descending
-35	773	624	-57	1015	624	-1390	159	612	Descending
-1280	2007	-247	-1280	2007	-247	-1415	172	594	Descending
-571	3841	1214	-571	3284	1414	-1372	184	618	Descending
-128	866	-73	-265	866	-73	-1419	177	485	Descending
126	409	601	126	409	479	-1402	171	433	Descending
-248	930	-68	-248	1179	250	-409	664	889	Descending
-485	1329	585	-485	1085	424	-370	1044	1021	Descending
-168	-44	-71	-168	-80	-88	-368	1003	987	Descending
-148	1232	1227	-148	1538	1535	-390	741	930	Descending
-753	1927	1437	-753	1927	1437	-379	694	892	Descending
-327	2135	831	-327	2135	831	-384	778	939	Descending
-312	495	479	-415	495	479	-397	656	897	Descending
49	709	679	-59	966	637	-420	641	914	Descending
-621	1744	358	-621	2091	808	-377	752	904	Descending
-318	811	1043	-318	811	1043	-369	1096	990	Descending
-190	-11	-95	-190	-157	-64	-421	1031	1043	Descending
-490	2180	849	-281	2180	849	-486	729	1029	Descending
-1223	2157	-213	-1223	2324	478	-435	708	955	Descending
-738	2011	379	-772	1805	379	-423	736	955	Descending
36	798	524	-220	901	617	-455	668	966	Descending
-256	574	155	-256	574	155	-413	714	973	Descending
-523	2266	1072	-998	2739	1699	-332	882	945	Descending
-297	944	491	-273	944	491	-350	1121	988	Descending
-130	-215	-183	-130	-257	-118	-358	1045	994	Descending
-357	1217	938	-406	834	938	-396	778	954	Descending
-1049	8178	4307	-1049	8178	979	-329	825	930	Descending
-804	580	347	-390	727	347	-306	737	850	Descending
-220	979	774	-220	979	774	-306	673	816	Descending
-431	892	243	-624	958	154	-298	773	877	Descending
-785	1417	1240	-785	1417	1255	-240	1153	903	Descending
-588	975	245	-468	758	185	-276	1138	956	Descending
3	92	89	3	92	89	-301	898	950	Descending
-938	480	1465	-938	480	1217	-297	691	866	Descending
580	180	-764	940	-30	-515	-279	777	867	Descending
-533	547	349	-672	547	349	-295	631	815	Descending
-83	799	1041	173	656	1176	-290	617	779	Descending
-316	727	441	-263	678	436	-1401	114	328	Descending
-285	1710	600	-285	1710	262	-1331	212	646	Descending
-724	275	267	-724	345	217	-1352	294	860	Descending
-199	206	-45	-199	206	-45	-1401	268	814	Descending
-239	2225	2020	-239	2225	2020	-1378	129	479	Descending
-1729	8413	2573	-1729	8413	2573	-1435	144	429	Descending
-1100	774	601	-1452	774	601	-1452	131	398	Descending
-147	934	232	-147	1066	382	-1428	159	371	Descending
-235	326	-366	-235	420	64	-1397	114	488	Descending
-2147	2984	2284	-2107	2984	2284	-1332	180	728	Descending
-808	981	359	-808	981	256	-1326	245	861	Descending
45	-91	256	94	15	256	-1379	154	682	Descending
-482	1018	689	-482	1018	689	-1421	107	496	Descending
1034	281	-1416	778	-136	-99	-1387	122	532	Descending
-142	707	623	-525	707	623	-1427	90	385	Descending
-262	665	859	-262	665	1056	-1406	79	324	Descending
-412	903	381	-398	787	486	-1362	75	442	Descending
-2691	1312	2058	-2691	1312	1579	-1268	144	709	Descending
-591	480	69	-481	322	69	-1345	206	812	Descending
-22	-161	-198	-22	-161	-198	-1356	135	698	Descending
-1027	366	1007	-1407	1040	668	-1374	66	467	Descending
114	778	384	114	778	384	-1288	78	528	Descending
-509	634	484	-509	543	461	-1378	78	367	Descending
-306	328	503	-368	328	503	-1384	67	385	Descending
-233	933	136	-233	933	277	-1335	67	467	Descending
-975	1623	1385	-1020	1769	1420	-1228	160	774	Descending
-362	40	-179	-297	40	-179	-1288	177	781	Descending
-5	411	175	-5	411	335	-1287	90	578	Descending
-1506	2658	-302	-1884	2573	-302	-1364	100	464	Descending
-238	2405	221	-238	2405	733	-1298	92	500	Descending
-475	529	725	-475	561	847	-1362	96	340	Descending
-241	237	-419	-339	237	-419	-1354	107	432	Descending
-586	1638	262	-586	1638	262	-1315	149	539	Descending
-454	1261	1037	-440	1380	1094	-1246	263	772	Descending
160	3296	-601	160	18	-423	-367	744	934	Descending
-388	628	482	-388	628	482	-354	592	826	Descending
-171	716	611	-171	716	611	-377	549	836	Descending
-390	942	421	-390	942	421	-347	628	885	Descending
-1375	1375	926	-530	1375	926	-290	962	976	Descending
-427	122	121	-427	105	21	-379	1077	1078	Descending
132	-45	158	132	-45	158	-411	883	1093	Descending
-609	374	632	-609	374	632	-456	645	1046	Descending
265	154	-753	392	154	-753	-400	717	1043	Descending
-140	889	83	-140	889	339	-409	568	928	Descending
-209	784	845	-209	710	873	-414	553	949	Descending
-301	874	421	-490	1007	421	-421	624	998	Descending
-1733	2536	1732	-1733	2536	1220	-315	970	1013	Descending
-535	211	-75	-279	95	-162	-347	1087	1052	Descending
-135	-286	-36	-148	-286	-36	-352	946	1036	Descending
-769	640	1372	-769	640	1354	-364	733	980	Descending
-37	13	192	381	271	192	-292	922	967	Descending
-722	664	587	-722	664	559	-285	765	944	Descending
70	808	458	-27	839	479	-336	692	946	Descending
-27	694	-28	-27	694	-28	-325	804	1003	Descending
-2794	2639	1838	-2794	2639	1838	-233	1090	958	Descending
-612	807	236	-657	807	236	-298	1187	1052	Descending
-10	-127	206	123	-69	123	-320	1058	1047	Descending
-667	468	874	-667	468	473	-358	781	1003	Descending
-151	488	-524	36	765	-619	-300	929	943	Descending
-629	1365	407	-523	1365	407	-252	812	901	Descending
-137	428	303	-137	585	406	-271	796	917	Descending
-764	1148	723	-644	1148	723	-254	811	921	Descending
21	1416	1256	21	1430	1552	-187	1135	910	Descending
-476	-254	153	-425	-20	153	-254	1150	1011	Descending
-299	889	1061	-299	889	1061	-226	883	957	Descending
-741	1403	995	-1081	1476	995	-216	768	905	Descending
-194	1651	560	-194	2347	505	-151	851	859	Descending
-273	889	236	-313	966	138	-1478	205	362	Descending
-305	648	10	-305	648	-10	-1422	213	419	Descending
-337	1650	763	-337	1907	1045	-1383	177	502	Descending
-120	1754	1038	-120	1754	782	-1318	270	767	Descending
-276	-41	-22	-276	-41	-22	-1338	326	860	Descending
-154	182	151	-5	426	151	-1363	216	662	Descending
-1254	833	924	-1254	1058	571	-1422	176	408	Descending
409	-186	-1471	409	-186	12	-1391	164	455	Descending
-725	618	376	-725	618	510	-1437	154	373	Descending
233	707	795	40	707	795	-1411	134	324	Descending
-270	644	598	-270	816	218	-1379	111	414	Descending
-3099	1553	1354	-2788	1616	1354	-1211	170	694	Descending
-636	344	-125	-636	344	-62	-1252	257	855	Descending
-185	-345	58	-185	-261	128	-1305	177	714	Descending
-753	404	1236	-649	404	1236	-1357	81	455	Descending
368	301	-2551	368	301	-652	-1364	99	501	Descending
-479	756	435	-897	622	435	-1407	87	392	Descending
-233	683	817	-233	683	817	-1382	80	359	Descending
-484	773	337	-740	688	316	-1396	92	494	Descending
-1434	3591	2160	-2329	3591	2160	-1290	148	718	Descending
-205	250	393	-205	250	199	-1353	237	844	Descending
-197	-122	-95	-231	-122	-95	-1290	150	693	Descending
-646	1141	1816	-646	685	1792	-1271	88	471	Descending
-55	-588	-169	-55	-588	-169	-1236	125	569	Descending
-741	587	326	-741	587	385	-1264	97	491	Descending
-305	327	823	-354	327	823	-1272	118	504	Descending
-255	1093	39	-255	1093	231	-1281	155	565	Descending
-932	2038	1416	-270	1821	1416	-1228	276	801	Descending
-464	-143	-72	-464	-228	-22	-1329	321	857	Descending
-114	247	55	-153	247	55	-1348	203	648	Descending
-919	865	916	-919	1409	766	-1374	207	531	Descending
655	314	283	354	1388	283	-1337	223	540	Descending
-211	603	47	-211	603	47	-1410	231	427	Descending
610	592	-727	610	592	-727	-327	769	983	Descending
-120	759	318	-120	759	318	-307	615	873	Descending
-96	412	719	-96	412	719	-319	592	859	Descending
-444	810	170	-444	810	170	-297	663	883	Descending
-2550	1499	1793	-1884	1499	1793	-208	956	897	Descending
-279	212	-47	-269	78	-47	-263	1111	997	Descending
-149	-594	10	-164	-447	10	-279	964	1001	Descending
-866	932	1602	-866	517	1444	-345	706	955	Descending
401	454	-396	401	-109	359	-346	801	996	Descending
-189	965	146	-128	1019	146	-331	665	900	Descending
-137	811	672	-137	811	672	-345	607	879	Descending
-110	906	314	-110	1132	311	-324	668	892	Descending
-1903	3943	1798	-2134	3076	1798	-6	871	871	Descending
-304	538	148	-304	538	148	-302	1044	994	Descending
-228	-286	7	-228	-318	-39	-279	977	952	Descending
15	571	1001	-83	702	1001	-292	701	876	Descending
646	86	-2231	646	86	-1950	-280	731	873	Descending
-509	863	21	-390	913	21	-258	633	800	Descending
38	958	646	38	958	679	-283	593	810	Descending
20	1285	-288	-168	1285	-288	-256	690	856	Descending
-1944	1317	1630	-1944	1317	1180	-158	939	833	Descending
-575	497	410	-513	351	51	-259	1110	1006	Descending
9	-152	-63	9	-152	38	-278	941	1007	Descending
-693	318	800	-703	110	922	-312	663	951	Descending
422	-90	29	422	-90	285	-276	779	974	Descending
-571	805	427	-571	783	688	-277	621	914	Descending
-175	798	943	-180	634	784	-291	604	886	Descending
-234	1115	232	-243	1115	232	-259	716	919	Descending
-1499	1925	1567	-1320	1491	1697	-208	998	959	Descending
-184	276	-502	-252	276	-502	-271	1019	1015	Descending
-407	-197	-107	-407	-197	-46	-221	889	924	Descending
-625	691	257	-519	605	317	-1494	142	425	Descending
-103	392	431	-103	845	549	-1444	177	480	Descending
-506	2000	871	-762	2642	1452	-1424	152	606	Descending
-243	1147	881	-243	1147	791	-1404	315	901	Descending
-295	-78	-166	-295	-78	-166	-1420	336	920	Descending
46	1285	514	46	1285	514	-1447	168	636	Descending
-1231	938	-467	-1292	1375	-311	-1471	142	511	Descending
539	1988	240	539	1988	752	-1443	159	589	Descending
-171	728	503	-171	728	503	-1481	143	450	Descending
-83	548	749	-83	548	749	-1472	125	441	Descending
-463	1035	299	-463	1169	606	-1445	131	533	Descending
-1336	1835	1213	-930	1518	1213	-1349	260	828	Descending
-436	62	-235	-436	62	-432	-1408	286	860	Descending
312	639	382	340	642	382	-1423	164	615	Descending
-1725	1660	-388	-1725	1660	-788	-1452	172	539	Descending
-531	3190	558	-567	3190	558	-1419	169	579	Descending
-132	946	-111	-132	1202	259	-1468	161	470	Descending
61	343	140	49	584	98	-1459	157	487	Descending
-761	2018	836	-761	2018	836	-1434	189	604	Descending
-146	1308	1124	-146	1343	1021	-1364	313	836	Descending
-198	-190	78	-222	-163	78	-1428	333	879	Descending
-155	1231	390	-155	1231	646	-1464	209	652	Descending
-881	1537	343	-881	1773	-283	-1500	187	525	Descending
-551	4272	1388	-551	4272	1388	-1468	189	564	Descending
-212	946	93	-212	1037	232	-1506	188	462	Descending
39	549	-62	39	549	-62	-1491	159	472	Descending
-632	755	230	-399	1200	236	-1500	177	582	Descending
-342	1137	1424	-269	1137	1424	-1408	283	851	Descending
-482	240	-80	-482	240	-10	-1461	303	860	Descending
83	252	106	32	487	143	-1495	180	635	Descending
-1066	925	617	-1272	925	617	-1531	129	480	Descending
736	1077	-363	736	2347	-73	-1464	105	506	Descending
-52	796	94	-86	796	94	-1523	109	384	Descending
-501	679	451	-501	679	461	-268	601	812	Descending
-2003	1315	1173	-2003	1315	1173	-143	1009	870	Descending
-373	603	161	-373	603	161	-235	1179	959	Descending
-298	224	33	-298	224	33	-273	1101	1013	Descending
26	802	1412	26	802	1412	-333	800	1009	Descending
-1357	2040	634	-1520	2682	757	-364	668	969	Descending
-945	2017	238	-945	2017	750	-326	665	906	Descending
7	1187	512	7	1187	512	-375	604	900	Descending
-221	448	-172	-221	448	-172	-339	673	914	Descending
-472	1012	547	-472	1524	374	-308	727	871	Descending
122	1251	1218	196	1251	1218	-293	1029	930	Descending
-280	42	-144	-280	42	-36	-280	1063	930	Descending
125	1158	709	68	1416	709	-307	770	865	Descending
-1831	1873	294	-1977	1873	294	-363	726	867	Descending
188	2917	424	-563	3244	294	-359	733	833	Descending
-186	921	204	-186	921	298	-405	623	826	Descending
113	648	153	40	812	153	-414	636	835	Descending
-851	1997	383	-851	1997	473	-369	700	820	Descending
-137	1628	1361	-137	1629	1191	-346	1034	929	Descending
-252	-163	-295	-242	-163	-295	-375	1010	950	Descending
-491	1106	687	-491	1320	1004	-354	813	833	Descending
-1315	2255	1138	-825	1836	1162	-338	740	805	Descending
-603	1556	757	-603	1556	846	-321	727	766	Descending
-378	667	39	-164	944	39	-356	634	750	Descending
-637	477	194	-637	477	267	-371	650	806	Descending
-1344	2188	2457	-2511	2153	2457	-319	1033	895	Descending
-613	549	433	-613	549	461	-384	1075	977	Descending
143	116	-106	146	14	-106	-345	948	924	Descending
-805	355	1329	-805	355	1329	-330	724	808	Descending
559	-363	60	47	277	283	-340	815	871	Descending
-724	851	663	-724	851	663	-344	669	794	Descending
-166	560	618	-181	460	472	-352	634	784	Descending
-342	1301	286	-342	1301	286	-350	717	834	Descending
-1253	2380	1100	-1253	2380	1012	-1502	215	540	Descending
-170	799	901	-170	799	901	-1525	238	442	Descending
-619	705	534	-619	720	329	-1550	216	530	Descending
-1304	4206	1941	-1304	3768	1708	-1486	229	645	Descending
-251	748	138	-251	748	138	-1452	313	830	Descending
-310	106	19	-310	106	19	-1432	296	813	Descending
166	1719	1617	44	1592	1617	-1446	171	549	Descending
-1240	1494	2554	-2181	3948	2534	-1444	170	552	Descending
-569	1703	522	-456	1503	737	-1408	138	506	Descending
-225	690	150	-225	690	150	-1428	129	426	Descending
-310	868	622	-310	688	459	-1404	118	497	Descending
-2242	3060	2438	-2161	3060	2438	-1320	177	719	Descending
-569	1096	541	-569	1096	379	-1323	250	844	Descending
-61	-456	64	6	-446	64	-1397	216	783	Descending
-98	1054	1019	-98	1054	825	-1411	110	548	Descending
-588	6600	557	-428	1202	557	-1437	145	607	Descending
-397	780	170	-397	780	426	-1461	115	503	Descending
-247	1044	1272	-228	985	1131	-1469	109	400	Descending
121	1161	506	121	1161	506	-1459	115	528	Descending
-2165	3294	1930	-2454	2188	1711	-1379	174	783	Descending
-384	706	123	-478	706	123	-1346	268	861	Descending
-1	-289	10	-1	-288	109	-1337	200	773	Descending
-399	575	947	-685	223	947	-1401	129	550	Descending
48	-104	113	48	-104	108	-1367	165	666	Descending
-567	738	522	-553	689	691	-1406	134	528	Descending
-116	899	759	-116	899	759	-1404	140	482	Descending
-291	1285	643	-269	1624	711	-1362	152	559	Descending
-365	1677	1358	-365	1677	1358	-1298	267	794	Descending
-283	-148	-134	-283	-122	-166	-1397	287	787	Descending
-128	526	730	-201	526	730	-1378	230	665	Descending
-1994	2926	1613	-1994	2926	1613	-284	874	839	Descending
-189	84	-1	-189	-2	47	-321	1100	1009	Descending
-116	432	220	-187	392	220	-351	860	952	Descending
-987	609	289	-987	917	77	-377	639	874	Descending
341	729	-922	341	729	-922	-349	680	865	Descending
-470	815	92	-470	815	92	-356	582	794	Descending
-230	766	921	-230	766	921	-354	558	783	Descending
-511	973	527	-511	973	527	-330	669	834	Descending
-2012	3191	1223	-1657	2548	1223	-247	1006	849	Descending
-775	649	124	-775	649	124	-292	1060	924	Descending
-33	-158	313	6	16	313	-302	861	902	Descending
-396	426	746	-396	426	1002	-342	679	850	Descending
354	4546	-2124	217	-785	-2124	-356	732	868	Descending
-599	927	-187	-599	927	-187	-337	641	806	Descending
93	863	1010	93	863	873	-357	612	808	Descending
-535	413	467	-534	401	467	-336	665	841	Descending
-1525	3961	2177	-1525	3961	1921	-229	998	840	Descending
-474	979	338	-420	778	200	-291	1136	948	Descending
-103	-450	114	-103	-450	114	-290	1027	935	Descending
-99	1092	1415	-99	324	1510	-303	749	860	Descending
-1675	1217	2827	-375	1261	2827	-274	763	825	Descending
-600	836	344	-600	1005	209	-274	670	770	Descending
-12	673	302	-27	670	302	-311	639	818	Descending
29	553	-276	29	635	-177	-276	717	825	Descending
-935	2208	1378	-861	2208	1378	-184	892	775	Descending
-257	1244	588	-257	1103	477	-197	1068	841	Descending
-196	-76	46	-196	-76	46	-199	966	846	Descending
-471	1611	1083	-471	1287	896	-205	730	756	Descending
-1534	1608	88	-1508	1608	88	-241	676	772	Descending
-947	2908	984	-947	2908	864	-200	716	730	Descending
-83	797	25	-40	913	25	-231	635	719	Descending
-408	-80	-208	-408	-80	-208	-1382	346	920	Descending
-302	2010	1783	-339	2010	1783	-1395	169	572	Descending
-1050	1596	-100	-1050	1596	-100	-1430	147	502	Descending
-534	2423	642	-735	2423	642	-1410	135	525	Descending
-214	732	648	-214	718	553	-1454	138	425	Descending
-339	528	304	-339	528	304	-1449	145	515	Descending
-369	837	597	-369	837	597	-1461	158	588	Descending
-2005	892	1477	-1508	1006	1477	-1365	241	827	Descending
-362	132	-18	-362	-124	44	-1383	326	941	Descending
-143	139	421	-143	139	538	-1389	209	792	Descending
-126	672	363	-555	672	363	-1432	118	517	Descending
284	4676	1375	301	1826	1048	-1388	107	500	Descending
-350	752	671	-350	752	415	-1406	81	441	Descending
-355	718	780	-355	693	730	-1415	89	420	Descending
-239	1013	536	-438	1013	536	-1391	92	516	Descending
-2489	2157	1884	-1615	1545	1651	-1285	175	776	Descending
-652	208	-19	-652	208	-19	-1294	238	889	Descending
-121	93	128	-100	487	112	-1373	145	668	Descending
-519	744	718	-579	744	718	-1388	81	468	Descending
376	597	-58	376	596	215	-1344	88	556	Descending
-653	755	633	-729	755	633	-1402	69	417	Descending
-114	684	650	-114	940	488	-1367	61	423	Descending
-512	863	414	-512	863	414	-1334	70	498	Descending
-504	1724	691	-504	1669	866	-1178	200	812	Descending
-409	-62	-103	-449	-62	-103	-1232	219	861	Descending
77	507	653	77	507	1066	-1289	107	639	Descending
-1337	1644	362	-1621	1675	362	-1350	95	525	Descending
-268	2427	518	-268	2427	518	-1324	112	558	Descending
-80	732	412	-80	988	390	-1367	109	465	Descending
103	678	125	-16	645	-177	-1353	106	506	Descending
-254	708	125	-254	708	125	-1325	139	603	Descending
-1081	1248	1502	-777	1332	1559	-1240	300	881	Descending
-230	421	60	-187	287	60	-1307	414	981	Descending
-276	-223	-63	-276	-223	-116	-1346	321	827	Descending
-877	787	547	-1010	434	547	-1335	261	660	Descending
-1105	769	870	-1105	769	614	-369	621	924	Descending
-769	1361	424	-769	1361	424	-340	657	927	Descending
-116	959	538	-116	959	538	-391	529	880	Descending
-479	578	59	-384	578	59	-362	573	894	Descending
-526	1668	745	-526	1668	873	-267	737	903	Descending
-505	1309	1221	-505	1309	1221	-273	1146	996	Descending
-326	90	-229	-326	90	-229	-308	1154	1059	Descending
-79	367	-130	-79	367	-130	-315	905	1025	Descending
-426	906	983	-762	894	983	-378	654	997	Descending
268	410	185	268	410	257	-362	791	1030	Descending
-458	800	707	-461	711	694	-351	628	936	Descending
-200	515	727	-175	515	727	-357	641	945	Descending
-263	1021	427	-353	1115	591	-333	777	992	Descending
-242	1348	1508	-242	1348	1508	-280	1178	978	Descending
-407	16	50	-400	-1	56	-274	1137	1020	Descending
-20	612	153	-20	612	153	-321	885	1001	Descending
-1187	793	861	-1248	876	861	-333	793	953	Descending
-22	764	386	-127	764	386	-305	881	956	Descending
-298	911	736	-298	899	673	-310	731	915	Descending
-364	484	538	-415	283	538	-299	734	910	Descending
-287	702	427	-287	702	427	-276	804	925	Descending
-1336	557	1715	-1336	1183	1354	-194	1101	891	Descending
-56	315	-107	-216	315	-107	-290	1241	1025	Descending
-166	166	16	-166	542	158	-294	1040	1027	Descending
-1025	340	657	-1199	391	657	-253	790	921	Descending
193	-143	-85	193	625	283	-264	876	953	Descending
-419	734	869	-360	734	869	-269	721	914	Descending
-134	671	833	-134	671	829	-269	707	922	Descending
-526	775	377	-388	892	376	-226	745	878	Descending
-1423	1464	1234	-1384	1464	1234	-144	1076	865	Descending
-331	171	10	-331	171	-54	-190	1214	948	Descending
65	-45	-90	-53	-7	-90	-135	988	872	Descending
-655	443	804	-655	1047	648	-143	725	765	Descending
278	-377	8	437	651	110	-111	822	755	Descending
-691	686	572	-557	686	572	-110	686	650	Descending
-232	48	149	-232	48	192	-1451	204	759	Descending
92	1278	951	92	1278	951	-1469	204	541	Descending
-1746	2206	-360	-1746	2206	-360	-1461	194	468	Descending
-759	3523	146	-759	3523	146	-1443	209	511	Descending
-331	676	265	-192	691	265	-1490	209	394	Descending
-205	334	620	-205	334	-115	-1456	191	419	Descending
-216	800	299	-216	800	299	-1405	184	478	Descending
-1958	1235	1353	-1958	1235	1353	-1273	249	748	Descending
-290	179	34	-327	179	34	-1335	308	854	Descending
60	-61	-180	60	-38	-156	-1376	228	718	Descending
-671	1159	1209	-827	896	1209	-1417	156	441	Descending
986	9594	2622	986	9594	548	-1375	148	438	Descending
-827	691	282	-767	690	144	-1399	122	412	Descending
-308	1127	740	-339	1127	740	-1384	131	325	Descending
-343	529	47	-286	922	58	-1329	109	458	Descending
-2010	3735	2063	-1847	3735	2063	-1256	146	644	Descending
-480	1223	266	-480	1223	179	-1241	212	809	Descending
-109	-306	38	-50	-285	38	-1291	169	736	Descending
-60	1188	1306	-60	676	1816	-1334	80	462	Descending
-1697	8934	3436	-593	8934	3436	-1311	90	517	Descending
-872	465	806	-872	721	534	-1325	71	513	Descending
-332	736	411	-199	793	445	-1320	63	440	Descending
-277	570	615	-155	570	615	-1316	72	508	Descending
-913	2512	1964	-1681	3032	2242	-1204	148	720	Descending
-389	833	340	-466	833	340	-1133	230	858	Descending
-78	-166	-146	178	-175	-79	-1207	176	737	Descending
-478	653	1392	-537	653	1392	-1294	82	499	Descending
179	5765	1864	179	5765	-682	-1279	125	575	Descending
-911	646	405	-595	854	401	-1295	107	529	Descending
33	812	802	33	812	546	-1284	107	491	Descending
-572	590	189	-316	660	306	-1286	139	598	Descending
-3219	1959	1139	-2560	2006	1139	-1191	282	814	Descending
-740	659	158	-740	659	158	-1219	301	858	Descending
176	-179	386	140	28	276	-1250	217	693	Descending
-921	308	229	-921	308	485	-1352	201	554	Descending
279	-672	-1546	279	86	-1184	-1333	232	576	Descending
-250	628	117	-259	756	117	-1366	225	461	Descending
84	766	838	84	692	782	-1343	228	422	Descending
-457	927	355	-554	881	355	-1338	236	453	Descending
-225	881	865	-225	881	997	-299	654	857	Descending
-393	540	642	-393	540	642	-222	789	866	Descending
-2778	1725	1486	-2778	1725	1486	-152	973	813	Descending
-524	347	20	-524	347	20	-250	1086	985	Descending
65	-195	63	26	-254	63	-231	934	947	Descending
-455	981	916	-733	583	719	-283	672	879	Descending
-1290	404	916	-1290	404	-364	-230	762	841	Descending
-654	691	556	-654	691	604	-253	649	819	Descending
-168	1113	665	-14	1289	806	-264	607	796	Descending
-315	921	467	-411	944	467	-255	659	821	Descending
-2169	2778	1501	-2169	2778	1501	-173	934	814	Descending
-408	784	193	-408	545	15	-249	1058	965	Descending
12	220	244	-29	220	244	-219	875	892	Descending
-645	-4	-6	-645	-4	-117	-252	691	804	Descending
259	1567	-55	126	1019	-46	-240	760	832	Descending
-411	677	368	-285	677	368	-243	609	733	Descending
-331	783	643	-331	783	899	-263	574	732	Descending
-315	1018	866	-286	844	895	-263	651	823	Descending
-1118	1514	1503	-653	1514	1503	-156	1049	844	Descending
-372	295	-105	-372	295	-90	-208	1027	928	Descending
-495	659	265	-751	697	247	-199	800	846	Descending
-714	942	240	-868	775	240	-237	657	821	Descending
-147	420	287	-147	932	305	-207	717	815	Descending
-363	653	845	-415	585	845	-229	590	766	Descending
-237	533	508	-237	533	353	-223	597	795	Descending
-397	642	348	-287	655	348	-203	639	794	Descending
-1309	1211	1749	-1285	1211	1749	-118	901	805	Descending
-405	225	51	-405	225	-205	-157	995	899	Descending
-199	24	376	-204	130	376	-138	794	799	Descending
-986	338	441	-986	338	441	-180	665	778	Descending
513	-453	430	108	639	279	-144	751	773	Descending
-617	624	889	-659	624	889	-190	617	720	Descending
24	896	610	24	896	560	-198	624	712	Descending
-488	840	721	-489	859	721	-167	675	647	Descending
-756	684	495	-756	684	495	-1432	123	517	Descending
-82	768	1358	-82	569	1457	-1447	173	492	Descending
-503	742	184	-372	800	184	-1446	130	575	Descending
-1786	1049	1648	-937	1445	1563	-1345	247	847	Descending
-559	487	30	-559	487	72	-1387	335	955	Descending
25	-237	-42	25	-237	-42	-1426	269	862	Descending
-622	453	1501	-622	453	1501	-1495	163	610	Descending
173	3499	2459	-193	3499	2459	-1497	183	620	Descending
-1109	787	437	-691	1004	437	-1506	153	555	Descending
-22	977	450	-22	977	655	-1507	145	445	Descending
-149	842	34	-67	1107	34	-1491	157	543	Descending
-791	2487	1296	-791	2487	1640	-1373	271	832	Descending
-466	902	548	-466	747	395	-1357	325	892	Descending
139	55	210	139	55	210	-1462	240	766	Descending
-581	278	472	-678	354	189	-1499	188	634	Descending
1086	1382	-586	1086	1382	-586	-1490	225	674	Descending
-474	972	33	-474	1010	-64	-1507	207	638	Descending
-353	566	876	-440	566	876	-1541	170	519	Descending
-131	863	388	-131	1119	500	-1497	157	569	Descending
-1622	3438	2374	-2093	4447	2462	-1454	230	771	Descending
-298	850	159	-298	850	159	-1479	321	892	Descending
-313	203	5	-293	2	5	-1477	286	861	Descending
-196	1049	1177	-452	709	1138	-1520	155	553	Descending
37	3407	2853	235	3407	2853	-1530	176	607	Descending
-1185	722	257	-1185	722	16	-1560	160	561	Descending
-216	930	869	-163	930	869	-1553	140	465	Descending
-303	621	139	-303	710	264	-1547	132	585	Descending
-1499	3184	2119	-1310	3184	2119	-1467	185	757	Descending
-463	1213	478	-463	863	513	-1442	263	880	Descending
-208	-497	35	-143	-497	35	-1520	257	865	Descending
-519	1267	1336	-519	842	1694	-1552	131	635	Descending
