-905	2100	270	-905	2100	782	-1202	548	1194	Running
392	860	627	392	860	627	-1240	160	792	Running
-980	1903	977	-980	1903	977	-1222	295	968	Running
132	1705	350	132	1705	350	-1269	705	1202	Running
-359	-703	-355	-328	-635	-364	-1172	805	1257	Running
811	-935	-288	811	-679	-1769	-1332	620	1175	Running
38	3590	906	38	3590	906	-1233	486	1097	Running
-672	1142	879	-672	1142	879	-1182	184	817	Running
-231	62	-529	-369	6	-529	-1139	227	886	Running
-1346	3012	1612	-1346	3012	1426	-1086	566	1188	Running
102	-422	317	62	-408	272	-1061	816	1286	Running
-440	1109	919	-388	1109	919	-1165	551	1210	Running
-181	1191	10	-181	1191	10	-1164	571	1220	Running
-1902	1636	1800	-1760	1147	2044	-1078	189	923	Running
127	72	-448	23	72	-448	-1145	207	967	Running
-1598	2938	1383	-1598	2938	1416	-1125	554	1208	Running
60	-91	290	183	-64	444	-1169	899	1317	Running
-546	1367	595	-546	1367	595	-1303	625	1209	Running
-262	922	-93	-262	2202	416	-1338	655	1206	Running
-1639	1699	1329	-1608	1459	1487	-1225	231	950	Running
60	76	-77	60	76	-77	-1237	258	952	Running
-1267	2872	1194	-1267	3400	1424	-1214	599	1178	Running
-233	-298	464	-184	-298	464	-1212	909	1277	Running
-161	1564	1069	-161	1052	1128	-1287	654	1216	Running
-135	-212	-264	-198	985	-264	-1322	630	1204	Running
-1652	1822	1274	-1652	1822	1274	-1247	256	966	Running
-266	255	-36	-266	218	-388	-1310	253	932	Running
-1086	3296	1055	-1656	2840	1055	-1235	582	1170	Running
120	9	-29	120	9	-29	-1283	900	1268	Running
-506	1900	714	-585	1205	1199	-1380	614	1197	Running
-116	747	127	-116	747	127	-1335	618	1185	Running
-1429	1924	1728	-1429	1412	2187	-1236	254	944	Running
-335	-42	-358	-468	-42	-358	-1243	259	967	Running
-1674	2940	1052	-1674	2940	1260	-1168	596	1181	Running
70	-445	67	107	-370	67	-1147	912	1278	Running
-523	813	1603	-523	813	1473	-1319	685	1196	Running
25	1729	125	-132	2609	703	-1288	608	1192	Running
-1263	1096	1769	-1273	1096	1769	-1213	229	950	Running
-251	-14	-78	-251	-48	-15	-1231	236	953	Running
-1341	3244	1508	-1603	3094	1508	-1178	632	1214	Running
116	-479	-64	116	-479	-64	-1216	899	1280	Running
-283	505	1598	-283	-7	1472	-1347	727	1210	Running
-281	3579	1129	169	3251	1226	-1311	607	1143	Running
-505	1034	996	-505	1034	996	-1260	264	888	Running
-382	241	-493	-382	304	-264	-1250	323	931	Running
-1444	3332	1351	-1001	2742	1351	-1204	740	1172	Running
-164	-989	-199	-86	-989	-199	-1166	904	1237	Running
76	-114	1035	588	-932	-835	-1336	730	1225	Running
-269	3517	814	179	3308	814	-1304	563	1144	Running
-160	1020	745	-160	1020	745	-1267	222	895	Running
-406	314	-340	-406	537	-98	-1272	271	962	Running
-999	2792	1262	-514	2585	1262	-1277	697	1228	Running
-128	-1034	-388	-128	-1034	-388	-1179	868	1268	Running
655	-668	552	655	-495	-865	-1366	707	1234	Running
-145	2115	644	-33	2115	644	-1340	544	1143	Running
89	1113	640	89	1113	934	-1300	208	879	Running
-751	169	-111	-1007	379	180	-1294	283	1011	Running
-1171	2678	1107	-840	2678	1107	-1291	720	1212	Running
-297	-1383	-266	-297	-1383	-266	-1223	847	1262	Running
613	-375	-1185	-667	1728	-2581	-1399	716	1205	Running
505	2261	721	505	2261	875	-1301	524	1135	Running
185	623	812	441	540	659	-1245	222	882	Running
-863	914	583	-913	914	583	-1149	411	1031	Running
179	1966	1477	179	1710	1056	-1209	838	1208	Running
-300	-1030	-588	-299	-928	-588	-1116	930	1223	Running
-1792	6928	3696	-1792	79	2292	-1324	778	1154	Running
-164	3140	681	-803	3121	681	-1175	432	975	Running
380	777	202	380	777	202	-1222	278	802	Running
-1336	3703	2345	-1612	4226	1426	-1123	497	1041	Running
801	-671	369	801	-671	369	-1206	1039	1227	Running
-507	-448	-699	-507	-18	-258	-1139	925	1229	Running
-363	1623	-1329	321	-2439	-1329	-1350	741	1219	Running
-1485	2920	611	-1409	2920	611	-1215	327	981	Running
499	650	303	499	650	47	-1251	257	872	Running
-1000	5157	-716	-209	3320	-716	-1141	648	1136	Running
42	-1056	-467	42	-1056	-467	-1156	1223	1202	Running
-307	51	-308	-307	210	-245	-1176	896	1195	Running
-408	-622	-83	-745	-1945	-83	-1312	734	1151	Running
-2092	1855	1407	-2092	1855	1919	-1228	338	915	Running
157	329	-325	4	81	-466	-1260	323	906	Running
-1623	2774	2339	-1623	2774	2339	-1144	762	1144	Running
138	-905	217	138	-888	318	-1129	1228	1196	Running
232	738	-325	232	738	-325	-1256	744	1185	Running
22	-1052	-256	22	17	-91	-1217	680	1167	Running
-1719	1695	1758	-1072	1600	1758	-1177	252	909	Running
-457	-73	-750	-457	-73	-875	-1212	323	1006	Running
-788	3852	2657	-203	4412	1618	-1191	1263	1235	Running
86	-580	-547	-74	-580	-547	-1135	1328	1211	Running
-128	2550	1369	-128	2550	2137	-1413	841	1166	Running
358	2148	836	598	6229	1788	-1370	726	1123	Running
-6	787	1355	212	787	1355	-1309	367	922	Running
-804	-76	-301	-804	-76	115	-1272	492	1019	Running
-340	3693	1915	63	2091	1554	-1264	1138	1170	Running
-268	-749	-1677	-268	-749	-1677	-1159	1247	1236	Running
1170	2135	1702	1170	2135	1702	-1391	843	1151	Running
263	3263	1114	-150	3263	1114	-1305	733	1119	Running
-435	1220	1459	-462	1220	1459	-1234	398	940	Running
-637	-237	-437	-722	-240	-465	-1197	522	1047	Running
-583	2952	1995	-583	2952	1739	-1163	1062	1215	Running
-152	-1098	54	-152	-1098	-607	-1062	1276	1161	Running
-285	2149	1068	-5	2134	2625	-1354	795	1126	Running
85	5515	1850	283	5515	1850	-1294	732	1123	Running
-30	983	1408	-30	983	1664	-1259	409	929	Running
-1165	-85	682	-976	331	593	-1183	644	1091	Running
61	2023	1632	131	2023	1632	-1252	1275	1103	Running
-638	-761	-1186	-638	-761	-1361	-1149	1285	1123	Running
1203	-34	-3739	474	80	-3739	-1473	869	1097	Running
560	3591	236	560	3591	236	-1380	656	1075	Running
230	910	1054	230	760	503	-1392	423	936	Running
-866	556	681	-772	1546	681	-1313	772	1066	Running
351	-213	1173	351	-213	778	-1363	1220	1042	Running
-568	-642	-837	-524	-192	-818	-1335	1071	1089	Running
1175	6809	9596	1175	6809	9596	-1473	771	1032	Running
-621	2176	957	-621	1930	570	-1395	503	964	Running
501	344	334	298	496	334	-1425	381	917	Running
-385	3966	111	-385	3966	111	-1302	770	1148	Running
283	-1245	-611	283	-1501	-610	-1317	1237	1184	Running
-179	216	-591	55	216	-591	-1426	840	1163	Running
-703	-2219	249	-703	-2219	-519	-1463	701	1142	Running
-2273	1568	1635	-2017	1256	2143	-1395	352	925	Running
-55	217	-345	-288	111	-345	-1430	380	1010	Running
-1575	2514	2581	-1575	2514	2581	-1315	945	1217	Running
314	-1070	90	58	-1027	15	-1288	1270	1208	Running
-270	2182	1322	-385	2182	1322	-1520	794	1124	Running
370	301	226	370	2573	835	-1478	733	1104	Running
-974	1654	466	-631	1719	466	-1412	382	932	Running
-540	-152	-139	-540	-152	117	-1388	544	1028	Running
-1247	3511	2117	-991	3554	1617	-1318	1060	1108	Running
-25	-978	-356	-286	-978	-356	-1171	1245	1043	Running
105	781	1791	617	332	-171	-1290	837	987	Running
489	3283	1044	569	3283	1044	-1248	599	931	Running
-257	854	1382	-257	854	1358	-1238	310	756	Running
-829	16	-465	-796	211	-487	-1231	397	952	Running
-283	2346	1349	-283	2346	1011	-1250	924	1208	Running
-267	-1171	-1040	-515	-1181	-1216	-1141	1099	1250	Running
-5	1366	-3655	-5	1366	-3655	-1469	662	1149	Running
158	2798	600	158	2608	993	-1361	453	1068	Running
635	736	427	638	693	427	-1370	252	886	Running
-1573	2580	2458	-1573	2580	2202	-1254	521	1078	Running
691	731	510	558	-270	-36	-1302	1054	1187	Running
-449	-116	-725	-399	-243	-725	-1217	938	1182	Running
1310	-2423	-1846	1390	-2423	-2522	-1339	783	1172	Running
-997	2580	1220	-2189	2931	1090	-1207	366	974	Running
453	636	170	272	636	170	-1272	234	912	Running
-630	4665	122	-630	4665	475	-1175	634	1211	Running
-52	-826	-640	-104	-812	-720	-1253	1232	1305	Running
-267	642	-277	-267	642	235	-1379	749	1276	Running
-608	-1059	-108	416	-1635	-158	-1461	693	1248	Running
-2313	2101	1596	-1914	2101	1596	-1375	272	1011	Running
-42	46	223	-42	46	-73	-1379	226	946	Running
-1443	2367	2790	-1660	2216	2790	-1243	742	1208	Running
286	-550	-331	348	-550	-331	-1188	1152	1262	Running
-318	1788	724	-318	1328	1402	-1421	737	1195	Running
378	2601	884	209	2601	884	-1378	634	1158	Running
-68	1557	326	-68	1158	911	-1355	243	904	Running
-521	-154	-422	-503	135	-422	-1394	375	1039	Running
-330	3368	1757	-330	3368	1757	-1386	905	1253	Running
-254	-1051	-605	-254	-1103	-969	-1276	1065	1299	Running
453	270	-2505	548	270	-2505	-1548	674	1186	Running
577	3665	502	577	3665	662	-1410	469	1121	Running
422	588	656	394	646	656	-1374	214	882	Running
-878	1521	1746	-878	1521	1746	-1225	490	1095	Running
222	1069	971	222	597	631	-1288	1062	1244	Running
-789	-795	-1079	-799	-795	-1079	-1222	969	1244	Running
-2533	9144	8498	-2533	-1352	2131	-1455	615	1121	Running
-519	2526	836	-1138	2449	836	-1309	335	967	Running
386	682	374	386	662	480	-1323	218	865	Running
-623	3235	-935	-197	3109	-935	-1250	560	1127	Running
14	-854	-482	14	-854	-388	-1253	1064	1250	Running
-153	352	-68	-167	1073	311	-1263	514	1162	Running
259	-1381	20	259	-1381	20	-1321	625	1134	Running
-2252	1882	2316	-1785	1676	2316	-1221	259	873	Running
-470	131	-305	-327	131	-305	-1251	266	908	Running
-1383	1988	2763	-1383	3171	2794	-1111	797	1186	Running
56	-1359	-478	-136	-1451	-478	-1139	1139	1218	Running
-99	1554	1508	-99	1042	462	-1375	739	1146	Running
550	4563	1065	529	4331	1218	-1315	564	1061	Running
135	941	1371	51	941	1371	-1238	281	828	Running
-759	401	40	-759	1169	993	-1181	423	962	Running
211	2373	1099	155	1725	1096	-1211	921	1174	Running
-712	-985	-1281	-691	-985	-1281	-1128	977	1178	Running
-1759	3838	-3267	-1759	11811	6171	-1377	656	1051	Running
-70	2744	1224	-509	2111	1224	-1225	456	943	Running
552	760	343	552	760	343	-1211	297	801	Running
-1085	3615	2127	-955	4568	1350	-1097	512	1027	Running
469	292	-170	469	292	-170	-1192	1075	1171	Running
-437	-113	-718	-437	126	-374	-1192	906	1157	Running
1451	-552	-1159	-42	-662	-1159	-1324	798	1140	Running
-1676	2340	800	-1676	2340	1592	-1248	421	938	Running
658	787	-303	426	825	-303	-1296	353	846	Running
-752	2719	536	-752	2719	2033	-1228	843	1134	Running
116	-823	-632	116	-577	-196	-1207	1196	1140	Running
-422	2089	1234	-727	2089	1234	-1352	814	1122	Running
664	2277	114	664	5390	1950	-1394	675	1072	Running
-207	1206	114	288	1206	114	-1349	323	827	Running
-662	27	-971	-662	27	-955	-1344	428	917	Running
-1619	4653	2077	-164	3685	1146	-1359	876	1107	Running
-5	-1520	-1098	-166	-1520	-1098	-1315	1019	1149	Running
931	-268	-3294	-861	1239	-4977	-1548	728	990	Running
124	2701	855	124	2701	855	-1451	497	996	Running
40	610	1250	125	636	1140	-1428	257	803	Running
-751	2087	1908	-1489	2087	1908	-1361	417	996	Running
710	1481	512	710	1481	0	-1449	938	1184	Running
-546	-892	-1246	-546	-767	-1108	-1261	1038	1213	Running
-2548	14234	11280	-3042	14234	11280	-1511	732	1132	Running
-899	1722	1227	-1060	2376	1227	-1371	418	986	Running
362	640	507	362	640	507	-1381	246	805	Running
-584	4242	1649	-584	4254	1012	-1240	442	1248	Running
787	574	35	861	698	35	-1301	968	1187	Running
-351	745	-8	-351	745	504	-1311	784	1136	Running
-706	-1993	-299	-450	-2751	-812	-1382	788	1164	Running
-1899	1975	1638	-1794	1975	1638	-1341	382	963	Running
183	736	-456	183	224	-136	-1407	294	890	Running
-1822	2209	2222	-2008	2209	2222	-1358	767	1161	Running
228	-531	113	228	-531	-143	-1396	1052	1193	Running
-663	1658	1766	-434	932	1766	-1540	725	1087	Running
36	710	-224	36	710	-224	-1503	680	1063	Running
-903	1750	1496	-903	1766	1333	-1395	359	863	Running
188	-220	-282	-104	-218	-282	-1325	393	901	Running
-1307	2822	2033	-1307	2822	1876	-1279	869	1147	Running
31	-982	106	-81	-793	-157	-1226	1059	1197	Running
547	-417	8	547	-417	8	-866	183	437	Running
60	2018	1114	-211	1946	1114	-750	283	202	Running
632	616	789	605	616	789	-789	363	43	Running
-1120	1409	1242	-1486	3224	1242	-842	252	212	Running
621	1573	984	621	1573	475	-839	325	608	Running
-617	-788	-914	-617	-788	-914	-817	328	555	Running
-2399	4541	-187	-2399	4541	-187	-824	266	360	Running
47	2305	789	-184	2422	789	-743	281	150	Running
189	662	1557	342	713	1114	-783	396	-78	Running
-1898	2649	1938	-1953	2649	1938	-826	205	114	Running
725	1394	611	725	882	412	-820	250	576	Running
-402	-721	-417	-332	-236	-438	-771	263	460	Running
347	8875	9372	347	8875	9372	-726	274	448	Running
-694	2216	1181	-694	2428	1114	-664	290	79	Running
767	841	456	535	607	456	-597	432	-35	Running
-297	3699	-311	-297	3699	-311	-602	260	150	Running
502	-212	-254	332	-585	-8	-680	295	597	Running
-488	1341	266	-488	1341	522	-691	258	396	Running
-256	-694	439	0	-1239	-511	-729	271	391	Running
-1641	1518	2021	-1641	1518	2021	-781	324	-22	Running
-378	175	-670	-378	12	-830	-746	357	253	Running
-2141	2707	1858	-1791	3178	1858	-715	261	425	Running
6	-1119	-643	6	-1119	-925	-766	291	575	Running
-134	841	2213	648	47	1011	-690	281	420	Running
176	3792	991	176	3792	735	-602	311	286	Running
263	1212	389	454	890	1049	-617	438	-75	Running
-912	472	121	-899	418	121	-659	286	47	Running
184	2228	864	184	2228	352	-656	347	612	Running
-287	-392	-772	-439	-197	-977	-644	354	542	Running
-5366	3785	2283	-5366	3785	2283	-642	278	413	Running
-414	2161	1284	-947	2125	1201	-608	324	101	Running
344	478	128	381	478	128	-640	425	37	Running
-1221	5530	1110	-1221	5530	598	-606	349	302	Running
150	-1356	-96	79	-1036	-87	-664	470	692	Running
91	450	-106	91	450	635	-674	358	443	Running
389	1153	-2072	-168	-849	974	-690	345	339	Running
-2251	1898	2147	-2251	1898	2710	-697	440	-9	Running
-149	273	-983	-291	62	-983	-675	404	67	Running
-1411	2985	2523	-1411	2985	2523	-686	322	470	Running
398	-1252	-23	142	-969	-466	-737	410	614	Running
-308	1582	2258	-487	1582	2258	-753	310	415	Running
100	1405	480	100	4537	1197	-719	310	269	Running
-538	1152	1349	-53	780	1349	-783	440	-70	Running
-640	429	-840	-640	429	440	-826	287	45	Running
-115	3228	1093	358	1910	1072	-805	267	630	Running
-232	-1368	-1369	-232	-1368	-1369	-845	296	618	Running
-2183	2604	-2725	-2183	8423	7408	-872	221	372	Running
-454	2788	1417	-769	2090	1417	-849	256	149	Running
679	854	213	679	854	213	-821	408	-39	Running
-1385	4551	1502	-1112	3946	13	-842	224	278	Running
458	-255	-179	466	-255	-179	-856	337	713	Running
-381	360	-299	-381	360	108	-813	269	448	Running
601	-226	389	420	-533	389	-792	287	426	Running
-2747	1372	1898	-2747	1372	2212	-836	313	-29	Running
-487	44	-736	-646	-127	-766	-786	315	-17	Running
-1724	2175	2252	-1724	2175	2508	-792	222	481	Running
389	-1504	-384	270	-1429	-379	-863	285	690	Running
-557	1289	1866	-54	1289	1866	-826	173	457	Running
167	1506	319	167	5346	1273	-843	138	321	Running
295	823	1243	283	823	1243	-816	324	-101	Running
-508	-24	-893	-508	328	-436	-801	202	53	Running
-1144	2554	1336	152	2554	1336	-756	213	578	Running
-128	-1713	-1423	-128	-689	-1354	-730	274	638	Running
-627	3318	-678	-3032	3318	-678	-684	230	439	Running
-417	2631	737	-417	2500	1236	-658	260	86	Running
752	923	308	593	932	308	-649	410	-66	Running
-833	2953	173	-833	2953	107	-706	186	187	Running
381	-1051	-44	253	-1355	-309	-753	288	734	Running
-372	260	-87	-357	260	-87	-691	224	472	Running
116	-632	-1168	116	-632	20	-649	242	409	Running
-3145	1228	2776	-2529	1106	2776	-701	287	-101	Running
-488	19	-329	-488	-237	-261	-629	329	-106	Running
-1895	2814	2150	-1731	2708	2150	-620	197	417	Running
259	-1011	-486	259	-1011	-486	-663	252	594	Running
-454	749	1807	-454	237	473	-672	221	436	Running
854	4420	856	831	4420	856	-619	242	217	Running
228	668	1252	228	668	1302	-684	412	-172	Running
-700	570	1725	-1275	1512	1650	-751	233	35	Running
553	1076	741	553	1076	741	-817	195	582	Running
-763	-578	-1005	-763	-66	-531	-750	194	462	Running
-6074	5932	11437	-1371	6704	11437	-658	176	384	Running
-1449	1801	1349	-1449	1801	1349	-695	178	12	Running
598	575	312	598	679	501	-675	350	-177	Running
-1420	4795	685	-1095	3977	685	-781	65	202	Running
251	-335	115	251	-335	-321	-850	171	707	Running
-456	396	12	-337	256	12	-814	129	494	Running
148	-1078	-916	148	-1078	-916	-846	163	466	Running
-1848	2010	1448	-1337	2070	1910	-856	215	-50	Running
123	-90	-345	123	-90	-345	-794	277	5	Running
-1866	2043	2687	-1354	2353	2644	-752	227	401	Running
320	-841	-203	537	-945	-203	-780	318	675	Running
-378	1332	421	-378	1332	1384	-704	244	430	Running
575	1075	91	93	1075	91	-635	248	273	Running
-806	1579	872	-806	1402	564	-711	369	-147	Running
-598	-138	-1035	-688	-43	-1035	-723	264	3	Running
84	3132	1762	84	3132	1762	-805	212	610	Running
-31	-80	-1995	-31	-213	-1794	-817	329	737	Running
953	1932	-5173	-65	1880	-5173	-806	252	421	Running
341	2859	356	341	2347	1300	-767	328	262	Running
505	795	741	638	659	589	-817	502	20	Running
-1033	1474	1706	-1033	1474	1706	-841	379	98	Running
15	871	384	15	-18	-142	-813	331	750	Running
-637	-284	-975	-554	-25	-975	-735	334	407	Running
800	-685	548	800	-685	-1452	-717	300	248	Running
-1018	2308	1508	-1520	1855	1508	-688	420	-66	Running
263	497	339	263	497	83	-625	522	-124	Running
-1450	2783	66	-1495	2620	1803	-599	302	263	Running
483	-1816	-577	505	-1816	-577	-618	416	677	Running
-131	1146	197	82	1828	559	-602	328	448	Running
1263	-1712	-1112	1223	-1712	-1112	-585	311	321	Running
-1030	1753	1161	-1030	1753	456	-587	434	-44	Running
-516	18	-773	-531	-37	-927	-540	403	76	Running
-1390	4797	1939	-1390	4797	1427	-583	367	492	Running
-436	-1179	-1262	-436	-1135	-1568	-650	391	583	Running
232	865	150	1151	865	150	-647	361	421	Running
482	5613	2234	482	3565	788	-609	392	241	Running
113	988	952	368	890	1019	-710	566	-90	Running
-1004	488	1144	-1020	488	1144	-762	353	91	Running
-334	1067	1394	-334	-469	1029	-842	354	596	Running
-588	-508	-1525	-534	-314	-1297	-799	333	486	Running
321	-593	-3862	321	-593	-3862	-707	323	287	Running
1045	6032	1164	-235	2761	219	-654	358	-177	Running
699	953	720	699	953	464	-724	558	-157	Running
-1894	2550	2693	-870	4908	2086	-826	277	46	Running
135	-361	-154	222	-361	-154	-910	261	571	Running
-414	149	-803	-414	149	-537	-845	252	431	Running
794	-2186	-1638	-408	-493	-1697	-796	236	335	Running
-1800	1808	1434	-1800	1808	1434	-776	327	-42	Running
819	534	572	307	434	164	-696	440	-83	Running
-2110	1590	2399	-2311	1590	2399	-772	217	317	Running
487	-2359	-18	487	-2359	-225	-825	353	716	Running
-78	1653	918	434	2044	2243	-772	276	390	Running
667	-457	-147	846	-457	-147	-740	292	209	Running
-244	1379	1192	-244	1379	1323	-772	473	-157	Running
-785	-135	-260	-651	439	-260	-810	307	-55	Running
317	1922	703	317	1922	703	-804	235	489	Running
-304	-402	-1300	-437	-238	-1300	-768	281	468	Running
-5805	9445	10269	-5805	9445	10269	-694	289	344	Running
-585	2386	1207	-765	2580	1207	-725	314	-37	Running
519	505	760	519	505	760	-704	446	-173	Running
-353	3052	-1986	-353	1787	1487	-779	119	461	Running
573	-823	-534	604	-823	-534	-854	267	753	Running
-763	1834	525	-763	2067	1270	-815	185	471	Running
-61	-509	-310	133	-292	-310	-794	191	376	Running
-940	1534	1229	-940	1790	644	-795	306	-42	Running
-96	-57	-547	-327	70	-717	-761	292	64	Running
-1739	3464	1741	-863	3531	1741	-849	256	653	Running
-82	-1077	-1089	-82	-1077	-1345	-798	331	684	Running
612	1721	1900	1107	1416	-1320	-824	236	465	Running
-61	5480	1525	663	5480	1525	-725	255	236	Running
134	954	1503	134	758	1256	-756	418	-100	Running
-746	1313	1660	-1245	2652	1660	-790	215	95	Running
195	1793	613	195	1793	-155	-876	254	708	Running
-591	-693	-1424	-591	-559	-971	-806	258	631	Running
53	5545	7822	53	5545	7822	-771	175	457	Running
-790	2212	1450	-1789	2548	970	-734	200	29	Running
585	705	558	594	705	558	-708	370	-31	Running
-258	3560	-721	-258	3560	750	-760	221	353	Running
287	-1592	-1275	609	-2131	-455	-853	395	794	Running
-164	1274	341	-164	1274	341	-813	260	500	Running
270	-2201	-272	270	-729	-886	-768	245	361	Running
-822	1473	871	-822	1473	871	-756	388	-111	Running
-453	-46	-443	-709	-20	-712	-748	309	-42	Running
-2049	3328	2392	-1278	5119	2392	-771	163	475	Running
-118	-1190	-1445	-118	-1190	-1445	-797	240	656	Running
291	1028	-133	291	904	-3298	-748	195	452	Running
114	3473	419	114	3473	419	-638	242	158	Running
578	597	1046	578	692	811	-661	437	-104	Running
-919	2353	2106	-1243	2353	2106	-707	208	82	Running
952	867	86	952	-138	-225	-784	258	710	Running
-706	-384	-717	-565	-384	-717	-763	222	584	Running
-330	-3024	-2529	-330	-2256	-877	-757	198	459	Running
-1706	2436	1683	-1779	2086	1683	-729	263	-28	Running
9	325	196	9	325	196	-707	334	-90	Running
-441	3553	-563	-1977	2682	1326	-741	149	442	Running
468	-905	-264	661	-987	-264	-839	294	753	Running
-953	1598	362	-953	1598	1130	-796	211	438	Running
426	-171	-504	682	1324	106	-771	240	301	Running
-463	1317	22	-463	1317	22	-804	397	-131	Running
-803	111	-510	-926	244	-354	-792	309	5	Running
-539	2944	1626	289	2944	1626	-795	206	602	Running
-434	-639	-1763	-434	-639	-1853	-829	227	658	Running
1294	18	-3632	575	1039	-3736	-791	165	453	Running
126	3404	191	126	3404	191	-697	176	176	Running
554	735	802	298	831	640	-762	356	-131	Running
-921	3219	2791	-1482	3219	2791	-784	128	201	Running
793	-1076	-33	793	-1332	-254	-883	265	816	Running
-621	-418	-769	-498	-401	-769	-789	202	621	Running
-189	8998	16206	-189	8998	16206	-737	142	387	Running
-1317	2380	1506	-1317	2124	1483	-742	216	3	Running
786	682	486	543	507	265	-680	362	-95	Running
-2082	2473	1231	-2082	2473	1231	-740	127	310	Running
712	-1124	-80	712	-868	-212	-734	292	741	Running
-478	1491	50	-670	1491	50	-704	189	457	Running
670	-324	-906	670	-324	118	-701	179	417	Running
-576	1450	606	19	1423	533	-719	292	-60	Running
-678	-202	-877	-678	-202	-877	-743	180	62	Running
-949	3381	1964	-949	2765	1339	-731	206	614	Running
-268	-1457	-1060	-320	-1676	-1060	-714	292	720	Running
-973	2617	-3166	-973	2617	4398	-782	160	492	Running
308	2363	1489	-294	1722	1489	-680	189	133	Running
-36	487	1291	-36	456	1006	-681	321	-66	Running
-2189	5830	2519	-2084	5747	2519	-732	99	269	Running
298	-1017	296	298	-1017	296	-836	271	868	Running
-320	288	-83	-462	660	368	-786	168	609	Running
483	-871	-519	-1535	-871	-519	-870	81	509	Running
-2585	1357	2274	-2585	1357	2182	-872	112	36	Running
68	263	15	-220	95	-311	-824	127	89	Running
-1927	1944	2404	-2038	1944	2404	-817	139	637	Running
107	-1600	-402	107	-1600	-721	-851	356	919	Running
1475	926	1110	1544	1290	946	-834	207	632	Running
661	3377	1012	302	3377	1012	-711	198	409	Running
99	749	1051	99	749	795	-715	274	73	Running
-881	206	400	-964	1067	871	-719	159	257	Running
835	1281	684	876	1281	684	-737	327	802	Running
-637	1752	995	-637	1753	782	-1292	258	937	Running
-592	649	115	-592	649	115	-1344	321	981	Running
459	2822	1477	459	2822	1477	-1381	805	1258	Running
-449	-656	-350	-449	-656	-350	-1226	1070	1306	Running
-224	1123	-448	-224	1123	-448	-1469	541	1133	Running
-417	2294	1398	-130	2246	1463	-1330	321	996	Running
-19	1048	1390	-19	792	1539	-1354	192	832	Running
-1490	836	54	-1490	836	-81	-1237	539	1150	Running
378	187	1394	378	187	1318	-1212	1093	1283	Running
12	-285	-562	155	-102	-537	-1271	860	1258	Running
333	5022	1061	305	5022	1061	-1395	437	1084	Running
-1362	2320	1696	-1362	2394	2512	-1288	190	868	Running
84	681	-1039	-16	625	-1039	-1367	263	928	Running
-846	3399	2205	-846	3399	2205	-1244	821	1238	Running
-283	-226	-211	-283	-424	-151	-1208	1045	1261	Running
-503	713	156	-309	713	156	-1424	606	1143	Running
590	3486	1026	590	3486	1332	-1275	390	1042	Running
505	840	1037	815	889	1028	-1226	163	808	Running
-1647	3815	1151	-1647	3815	639	-1100	555	1159	Running
1169	-945	523	891	-1086	-44	-1147	1084	1282	Running
-260	881	206	-260	881	718	-1199	716	1238	Running
-765	319	-120	-1021	-1242	200	-1298	576	1187	Running
-1356	2184	2613	-1407	2066	2613	-1172	161	852	Running
-444	-244	-176	-444	-500	124	-1161	322	1065	Running
-81	3419	342	242	2398	342	-1210	1014	1307	Running
-434	-894	-837	-434	-894	-837	-1075	1125	1301	Running
-477	1482	-2095	-477	2329	-742	-1405	633	1210	Running
-169	2673	1480	-1289	2690	1480	-1236	272	998	Running
278	682	513	278	682	513	-1261	190	910	Running
-1088	3450	1033	-832	3091	1077	-1144	666	1211	Running
425	-885	-861	289	-885	-861	-1196	1179	1291	Running
-463	1220	87	-463	1220	482	-1349	758	1255	Running
-966	43	638	-699	342	638	-1319	506	1148	Running
-113	908	871	-113	908	871	-1247	188	879	Running
-928	15	151	-928	517	1009	-1217	413	1096	Running
697	2428	641	639	1650	641	-1278	1043	1299	Running
-445	-848	-852	-445	-848	-596	-1224	1003	1293	Running
-1264	3133	2028	-2100	6637	2028	-1482	579	1167	Running
-2028	1659	1743	-2028	1659	1743	-1274	262	959	Running
13	484	-1299	-134	276	-1299	-1290	284	986	Running
-2297	2741	2602	-2297	2741	2602	-1193	860	1279	Running
-348	-1060	-1270	-251	-1253	-1040	-1233	1082	1300	Running
1217	1011	-734	1131	1011	-734	-1480	699	1200	Running
253	4770	1475	253	4770	1298	-1238	355	1057	Running
284	966	1001	-228	909	829	-1256	197	889	Running
-730	4024	1084	-577	3885	1084	-1176	568	1189	Running
629	-535	-960	629	-631	-1090	-1264	1156	1030	Running
-691	1454	389	-561	1454	389	-1491	715	1200	Running
-1092	-1059	916	-1092	-35	871	-1355	531	1159	Running
-340	615	1274	-60	688	1274	-1290	192	843	Running
-1193	112	308	-1193	112	308	-1234	429	1039	Running
491	1891	360	491	692	677	-1275	1044	1224	Running
-372	-909	-959	-303	-909	-959	-1292	914	1221	Running
-2182	6265	4684	-2182	7289	1499	-1430	564	1121	Running
-1629	1940	1643	-1607	1444	1594	-1268	207	847	Running
-507	93	-864	-507	93	-864	-1319	226	907	Running
-2065	2873	2334	-785	3701	2606	-1209	815	1267	Running
-89	-1070	-1396	146	-1052	-1396	-1200	1080	1303	Running
125	1784	254	125	1784	-2576	-1501	657	1198	Running
312	4672	977	-337	3831	1194	-1278	369	1048	Running
430	1205	961	348	1205	961	-1288	192	864	Running
-1514	3996	1558	-1514	4861	843	-1201	581	1169	Running
610	-1209	-724	178	-1274	-724	-1246	1213	1279	Running
-298	345	159	-298	345	159	-1428	759	1231	Running
-235	385	1221	-235	129	633	-1367	548	1159	Running
-512	781	586	-110	781	586	-1282	206	886	Running
-1406	223	895	-1406	1247	1368	-1200	456	1095	Running
714	-111	894	577	-236	894	-1242	1249	1236	Running
-248	-458	-1076	-248	-458	-1076	-1239	968	1238	Running
-2277	5381	4058	2587	10637	3588	-1392	628	1096	Running
-1346	1413	1439	-1201	1413	1439	-1248	311	873	Running
-631	-85	-735	-631	-85	-735	-1248	356	922	Running
-1423	5302	1651	-1423	4554	116	-1209	984	1214	Running
13	-781	-1710	-168	-781	-1710	-1134	1149	1267	Running
642	1540	-2349	642	1028	-3986	-1470	616	1156	Running
-575	4399	809	-529	4399	809	-1240	339	1017	Running
166	929	169	166	673	-669	-1255	259	914	Running
-228	5367	1767	-1673	3669	1719	-1174	856	1219	Running
454	-87	-206	273	-87	-206	-1198	1195	1197	Running
-1015	1062	743	-1015	1062	1706	-1369	783	1169	Running
-736	225	1364	-165	1183	1364	-1223	551	1078	Running
-151	514	1415	-41	514	1415	-1195	253	825	Running
-1363	2097	2162	-1363	3889	1615	-1092	512	1047	Running
635	-724	202	681	-1513	202	-1123	1260	1208	Running
-365	-220	-507	-365	-220	-262	-1232	910	1225	Running
-1381	5810	2498	306	5645	2498	-1258	561	1129	Running
-762	749	1106	-517	749	1106	-1189	235	901	Running
-838	136	-509	-838	136	-197	-1184	399	1082	Running
136	2662	449	769	2665	449	-1267	1245	1265	Running
-198	-1140	-1160	-198	-906	-1214	-1231	1143	1251	Running
210	938	-123	-487	2749	-123	-1526	691	1084	Running
-2087	2036	1613	-2087	2036	1613	-1313	432	993	Running
-373	373	-388	-373	117	-616	-1312	392	965	Running
-1995	2456	1841	-766	2293	1821	-1303	1052	1163	Running
-104	-765	-932	-104	-765	-1346	-1231	1186	1169	Running
277	1743	-297	769	420	-4165	-1447	816	1119	Running
733	4445	950	-471	4540	950	-1232	537	1029	Running
-217	928	941	-217	928	228	-1214	356	893	Running
-1286	4418	799	-1273	4528	799	-1147	831	1157	Running
493	-950	-722	493	-950	-593	-1238	1251	1178	Running
-397	1451	1044	-325	1219	1460	-1430	891	1146	Running
-240	6	742	-116	6	742	-1379	715	1089	Running
281	420	740	281	635	566	-1297	407	921	Running
-1430	2816	1795	-1119	2816	1795	-1215	742	1113	Running
850	-557	847	850	-557	335	-1284	1293	1143	Running
-366	-89	-893	-443	284	-449	-1329	1047	1189	Running
2164	1123	606	366	1123	606	-1549	770	1065	Running
-1234	927	1788	-1234	716	403	-1418	472	936	Running
-886	-185	-139	-1031	-185	-139	-1317	641	996	Running
669	3249	893	669	3249	381	-1377	1125	1086	Running
109	-1431	-1273	-147	-991	-1250	-1355	1096	1145	Running
-1433	304	-623	-1433	304	-623	-1579	659	1024	Running
-2346	1812	1681	-2650	1104	1783	-1449	333	902	Running
-256	618	-277	-209	618	-277	-1479	295	855	Running
-2214	2809	1205	-2214	2809	1973	-1383	767	1155	Running
-110	-962	-372	-366	-1152	-467	-1372	1056	1225	Running
-1105	1419	1912	-917	1468	1912	-1555	679	1121	Running
-380	3253	1096	-380	3253	1352	-1413	572	1134	Running
567	850	770	567	1034	1404	-1390	285	926	Running
-1558	2014	1262	-1415	3771	1262	-1027	757	1180	Running
1063	-1975	118	1063	-1975	118	-1340	1314	1175	Running
-379	-120	-215	-379	397	12	-1497	951	1156	Running
19	920	1405	62	920	1405	-1526	659	1062	Running
-758	1067	832	-758	1067	886	-1375	388	907	Running
-754	-304	148	-1031	-118	148	-1254	642	973	Running
1033	1837	640	1033	1837	896	-1204	1086	1040	Running
-134	-1099	-1364	-169	-591	-1377	-1161	992	1104	Running
308	2392	-1899	-738	2334	-1899	-1298	619	1067	Running
-1816	2042	1831	-1816	2042	1831	-1165	360	961	Running
-535	632	-612	-671	314	-592	-1240	353	990	Running
-1848	2665	2228	-2124	2665	2228	-1212	977	1262	Running
97	-595	-545	97	-595	-1050	-1211	1211	1264	Running
11	1524	-82	173	1181	-165	-1490	740	1171	Running
416	3667	1390	191	3605	1390	-1339	458	1052	Running
408	1375	1368	408	1375	868	-1314	265	817	Running
-1328	4418	998	-1302	4640	998	-1168	662	1112	Running
1003	-1355	-528	1003	-1355	-528	-1163	1234	1239	Running
-464	146	157	-720	1031	527	-1304	804	1253	Running
-398	917	66	-517	135	66	-1289	543	1186	Running
-565	759	1175	-565	759	1175	-1231	158	908	Running
-744	-306	-407	-744	-306	406	-1251	311	1085	Running
991	3092	350	991	1540	521	-1336	1000	1339	Running
-207	-1011	-1472	-207	-1011	-1472	-1285	1006	1328	Running
-2842	5059	4322	732	7512	4263	-1475	590	1182	Running
-1628	2072	1666	-1628	2072	1666	-1316	254	943	Running
-201	190	-550	-201	190	-523	-1317	275	959	Running
-2476	3049	2663	-2398	4328	2663	-1499	1019	1273	Running
177	-871	-1045	177	-871	-1045	-1269	1109	1296	Running
522	438	-3040	522	187	-3045	-1566	673	1174	Running
296	4555	1444	-248	3679	1444	-1379	339	1046	Running
-482	676	844	-482	676	63	-1415	179	882	Running
-1466	3887	1589	-1100	3842	1589	-1321	782	1276	Running
88	-1080	-556	88	-1080	-556	-1332	1187	1283	Running
-41	1490	1391	142	1888	1802	-1476	708	1214	Running
-107	950	685	-197	950	685	-1355	457	1082	Running
241	927	1459	241	927	1455	-1298	186	813	Running
-1671	1802	627	-1805	3129	1805	-1233	695	1135	Running
1174	-1205	454	1106	-1205	454	-1309	1100	1273	Running
-239	523	-168	-219	1178	310	-1437	678	1192	Running
-294	427	199	8	427	199	-1336	502	1113	Running
297	584	398	297	584	654	-1246	181	800	Running
-1308	43	498	-1308	534	1560	-1190	376	1270	Running
916	362	1213	934	-853	1213	-1221	1151	1245	Running
-732	-41	-634	-658	-41	-634	-1261	878	1250	Running
2368	4929	1070	-192	-104	-300	-1397	579	1132	Running
-1298	861	289	-876	840	289	-1204	276	866	Running
-525	-89	-397	-525	-89	-397	-1209	388	970	Running
-1128	3770	2137	-1128	3258	743	-1170	975	1185	Running
-174	-1119	-1341	-90	-1062	-1384	-1156	1049	1190	Running
-1921	1907	-2855	-1921	1907	-2855	-1352	642	1061	Running
-1761	2355	2355	-1761	2596	2355	-1180	373	909	Running
-183	611	-712	-228	550	-712	-1223	330	856	Running
-604	3195	2191	-604	3195	2191	-1114	838	1137	Running
193	-504	-186	-62	-601	-531	-1096	1232	1157	Running
322	1157	2038	322	1157	2038	-1330	745	1134	Running
491	2979	965	491	5609	1753	-1227	498	1023	Running
648	668	1326	852	1171	1326	-1208	289	822	Running
-1335	3936	1962	-1335	3936	1962	-1195	593	1060	Running
1201	-1806	158	1201	-1329	-811	-1293	1205	1154	Running
-336	535	-164	-640	535	-164	-1394	826	1121	Running
1456	8235	4233	1456	8235	-67	-1431	625	1046	Running
-863	1370	1177	-746	845	1177	-1316	343	872	Running
-571	241	-466	-571	241	46	-1318	423	940	Running
750	3443	1824	517	2180	785	-1312	1229	1145	Running
-384	-755	-950	-400	-755	-950	-1297	1016	1160	Running
-324	2785	-661	-324	2785	4049	-1554	624	986	Running
-2497	2289	2807	-2085	2226	2807	-1410	366	873	Running
-256	282	-527	-256	127	-810	-1407	314	845	Running
-2144	2407	2092	-2112	2407	2092	-1336	856	1194	Running
-728	-1404	-482	-728	-1660	-713	-1317	998	1229	Running
734	85	-2643	679	192	-2708	-1554	611	1078	Running
-626	4170	1165	-626	4170	1165	-1390	359	968	Running
107	900	1119	107	533	772	-1398	238	830	Running
-1669	4089	1651	-1715	4089	1651	-1263	721	1161	Running
565	-1800	-716	565	-1800	-767	-1276	1186	1209	Running
-639	709	95	-639	1209	412	-1401	808	1186	Running
-62	-264	691	-62	-264	691	-1328	579	1078	Running
9	652	851	9	908	828	-1291	266	813	Running
-1390	1318	1941	-1040	2917	2007	-1287	526	1062	Running
1091	815	57	1091	815	-967	-1423	1072	1214	Running
-679	-442	-909	-716	-330	-734	-1482	841	1189	Running
-4141	8673	5788	-1280	8673	5788	-1485	542	1094	Running
-447	1430	1358	-447	540	1819	-1375	265	888	Running
-483	161	-717	-665	-78	-717	-1365	389	985	Running
567	3073	1672	567	3073	139	-1362	906	1193	Running
-117	-1010	-857	-286	-591	-955	-1315	901	1175	Running
-1130	5206	5702	-1218	5206	5702	-1422	636	1101	Running
-2204	1775	1522	-1808	1246	2012	-1191	352	907	Running
-339	19	-228	-272	32	-228	-1202	394	929	Running
-2184	3515	1669	-2184	3515	1925	-1152	939	1150	Running
-212	-980	-920	-266	-988	-920	-1228	1140	1148	Running
824	1527	2355	928	1527	2355	-1436	690	1074	Running
-224	762	791	-224	762	928	-1287	525	1042	Running
-284	663	526	-104	787	334	-1276	304	944	Running
-249	5008	1019	-249	5008	1019	-683	338	514	Running
29	-425	-519	29	-425	-519	-637	487	606	Running
-2072	5062	3038	-2072	5062	3038	-707	398	379	Running
-1164	2471	1302	-1164	2471	1302	-763	446	108	Running
275	759	622	-137	555	622	-819	498	27	Running
-1475	3379	858	-1475	3055	634	-828	329	339	Running
60	-533	-170	60	-533	-170	-750	455	665	Running
-110	711	305	-110	711	305	-798	300	493	Running
-816	710	156	-816	710	156	-737	247	359	Running
-946	1277	1554	-946	1277	606	-716	357	-43	Running
-299	323	-758	-551	109	-758	-669	315	28	Running
-984	3704	2023	-984	3704	1767	-591	306	510	Running
-135	-822	-635	-391	-1066	-1001	-592	403	647	Running
836	237	-1474	841	237	-1474	-620	306	558	Running
-220	3413	1429	-220	4638	1886	-507	337	224	Running
295	1164	866	288	1066	866	-572	462	-49	Running
-869	3078	1045	-869	3078	1045	-668	272	194	Running
772	-1130	256	827	-1115	440	-682	449	715	Running
-499	425	258	-499	425	258	-717	335	525	Running
-353	-2106	-359	-1341	-1863	-371	-717	282	321	Running
-809	895	461	-838	895	461	-715	412	-125	Running
-832	-52	-304	-832	160	308	-691	304	210	Running
325	2538	905	998	2438	905	-615	331	615	Running
-477	-365	-1298	-477	-365	-786	-613	326	496	Running
-519	912	3467	1922	7043	3422	-584	359	495	Running
-2134	1491	1460	-1922	1363	1460	-660	338	-12	Running
-417	330	-573	-417	330	-732	-744	275	58	Running
-2197	4901	2223	-2578	5959	2275	-701	310	718	Running
95	-595	-1625	95	-595	-1625	-670	477	748	Running
924	888	-4056	1254	216	-3963	-713	338	517	Running
914	5696	1059	914	5696	1059	-668	365	121	Running
198	609	741	109	758	741	-704	496	-52	Running
-474	5826	-168	-306	5826	-168	-666	323	258	Running
721	-451	-1365	721	-1219	-1144	-723	421	661	Running
-839	1192	409	-855	1054	409	-711	350	458	Running
255	884	554	255	3053	1249	-694	353	32	Running
219	1173	934	219	1173	934	-789	477	-93	Running
-1168	2133	1635	-1168	3768	1292	-848	236	163	Running
926	-1802	127	1231	-1881	127	-823	369	703	Running
-264	600	316	-288	600	316	-826	285	485	Running
1453	7622	840	547	274	185	-780	290	349	Running
-1031	734	831	-1031	734	63	-834	422	-72	Running
-696	94	-528	-1013	-112	-665	-867	312	23	Running
504	3857	587	504	3857	587	-778	314	562	Running
-628	-1092	-1649	-866	-996	-1182	-823	329	536	Running
-1357	500	1277	-1357	500	5373	-743	313	377	Running
-2630	1612	2111	-2630	1483	1063	-825	387	-70	Running
-201	452	-507	-604	265	-507	-814	375	-67	Running
-3239	2844	2043	-3239	2332	1458	-789	226	414	Running
91	-1915	-1247	420	-1915	-1247	-795	285	629	Running
280	-776	-4701	280	-776	-3174	-828	185	457	Running
510	6561	1521	-1586	2689	1524	-754	224	77	Running
-63	526	378	-63	526	378	-738	361	-89	Running
-691	5252	1272	-691	4484	1292	-721	172	272	Running
644	-1431	-1675	547	-1531	-1695	-702	379	741	Running
371	893	2217	371	893	194	-704	272	574	Running
-204	3780	1396	-97	6487	1412	-616	289	168	Running
-358	1518	1950	-358	1518	1950	-665	420	-111	Running
-1041	2806	1598	-1041	4598	2333	-725	183	180	Running
1141	-1280	-944	894	-1010	-995	-712	365	802	Running
-612	850	-308	-612	850	-308	-647	239	517	Running
-1320	-1619	-34	-138	-2107	-34	-611	226	315	Running
120	581	564	120	581	564	-624	381	-135	Running
-1221	433	486	-1733	1063	2119	-703	186	139	Running
879	-861	593	1192	-923	593	-655	404	806	Running
-349	-918	-1041	-349	-918	-789	-652	314	584	Running
-2625	9378	4385	-666	9359	4385	-600	275	338	Running
-998	2001	1182	-998	977	1104	-689	344	-106	Running
-673	122	-456	-696	125	-456	-680	287	-47	Running
-9	4894	1673	-9	4894	1673	-642	231	556	Running
274	-1043	-2001	-238	-867	-1887	-664	250	607	Running
664	-5	-1909	-626	-5	-1909	-680	161	416	Running
-3104	2084	2599	-3104	2084	2371	-729	192	-76	Running
-137	235	-410	-222	274	-302	-754	41	-91	Running
-1327	3758	1695	-1426	3758	1695	-760	189	557	Running
-216	-946	-1126	-216	-946	-1382	-697	419	794	Running
-554	1755	1427	-554	2267	1704	-758	258	479	Running
187	297	1713	44	2751	1752	-665	295	238	Running
-113	1101	1063	-113	1101	1319	-685	476	-124	Running
-936	1474	1514	-869	3105	1514	-703	226	162	Running
742	-603	562	742	-603	13	-644	368	672	Running
-925	735	525	-787	961	964	-651	288	496	Running
1212	-1054	585	-1108	-1054	585	-667	269	396	Running
-726	1202	416	-726	777	428	-705	400	-35	Running
-519	-174	-83	-630	152	-83	-734	361	187	Running
1187	2372	-64	1187	2372	-64	-794	488	636	Running
-11	-1499	-1595	-11	-1499	-1068	-792	426	429	Running
-1215	-2438	1208	-300	2598	1134	-695	405	251	Running
-1991	2331	1688	-1910	2331	1688	-742	463	-137	Running
-201	381	363	-201	637	-262	-678	555	-162	Running
-2531	3848	1722	-3162	2797	1722	-660	298	317	Running
-58	-1270	-1060	-58	-1270	-1572	-638	356	515	Running
-1088	1775	1450	-1088	1471	491	-607	313	352	Running
-2	6271	1333	-100	6271	1333	-571	326	128	Running
150	1069	1668	150	1069	1372	-647	489	-156	Running
-1486	1462	1773	-1672	2833	1773	-664	287	254	Running
511	-1813	822	511	-1813	822	-537	536	649	Running
-109	-170	75	-109	375	387	-549	433	475	Running
2955	-1302	-1469	-375	-1302	-1469	-546	405	325	Running
-909	927	870	-909	1183	-117	-670	543	-106	Running
-991	-228	-353	-1329	-55	-353	-719	451	-7	Running
449	3890	1130	449	3890	1130	-698	445	480	Running
31	-1108	-1739	-310	-1029	-1739	-671	456	463	Running
-1261	617	-254	-1261	617	2050	-596	398	254	Running
-3681	1074	1886	-3681	1842	1657	-705	452	-116	Running
-45	404	-321	-85	396	-321	-730	507	-148	Running
-1971	4327	-129	-1971	4327	-129	-743	299	269	Running
109	-1203	-325	-147	-1358	-522	-804	372	537	Running
-732	661	804	-315	571	804	-755	341	339	Running
395	2529	-206	395	4640	1726	-710	358	-217	Running
234	790	1035	129	1550	1042	-815	487	-177	Running
-837	4286	1657	-837	4286	1657	-848	228	133	Running
1072	-682	143	816	-860	-799	-828	347	629	Running
-636	441	345	-727	673	345	-806	287	411	Running
-1740	-1314	473	-1740	-1314	473	-744	319	254	Running
-15	635	315	241	563	334	-763	732	-131	Running
-787	-29	-74	-787	-29	694	-782	322	1	Running
657	2208	688	657	1210	896	-698	376	548	Running
-69	-559	-1152	-312	-651	-1152	-726	358	459	Running
-2366	2590	1972	-2366	2590	3374	-605	384	253	Running
-1069	2049	851	-440	2238	1017	-634	506	-220	Running
-377	323	-367	-428	323	-367	-771	334	-191	Running
-2316	3527	1668	-2316	3527	791	-836	132	502	Running
-182	-863	-593	-329	-922	-1587	-839	303	773	Running
650	348	-1628	833	348	-1628	-820	221	547	Running
452	5354	1386	452	5354	1642	-721	244	179	Running
235	1458	1591	-21	1499	1644	-793	402	-109	Running
-1112	5182	1187	-190	5182	1187	-779	194	305	Running
984	-876	-1512	984	-876	-1256	-788	352	753	Running
-392	1388	1078	-685	1402	720	-821	212	461	Running
-1099	-1746	-168	-735	-1746	-168	-791	225	313	Running
49	759	612	49	759	356	-801	379	-96	Running
-641	160	-172	-1095	535	-82	-818	251	80	Running
231	1806	569	222	1806	569	-802	282	721	Running
-46	-868	-1320	-46	-356	-965	-816	229	622	Running
-473	8144	4667	-1538	8144	4667	-714	226	409	Running
-1977	2191	809	-1977	2191	809	-820	237	-13	Running
-305	579	-126	-549	379	-126	-793	305	7	Running
-3319	2275	1782	-3088	2275	1782	-743	283	546	Running
-287	-1178	-858	-287	-1178	-1243	-731	378	675	Running
-191	331	-259	122	489	-3719	-758	275	486	Running
-304	5444	888	-146	5444	888	-725	262	88	Running
503	1555	1875	503	1299	1113	-776	431	-167	Running
-529	2299	1680	-159	3892	1740	-783	183	123	Running
752	98	111	956	92	111	-749	253	652	Running
-666	363	-398	-666	363	206	-743	181	478	Running
-530	-2592	-9	-401	-1221	539	-695	195	318	Running
61	598	568	61	598	568	-711	335	-97	Running
-894	-47	41	-894	209	287	-747	191	75	Running
1252	2119	-232	1241	632	811	-680	282	762	Running
-78	-1231	-1453	-78	-1231	-1197	-673	276	617	Running
-2470	9795	3984	2733	14426	4072	-664	216	416	Running
-1766	2240	1494	-1619	2240	1494	-729	264	-65	Running
-472	491	-126	-472	491	-439	-693	325	-86	Running
-2350	2455	1894	-692	3717	1895	-681	233	557	Running
179	-1266	-1055	51	-1266	-1055	-686	320	701	Running
300	841	-1498	300	605	-2261	-729	239	493	Running
460	3986	1204	-457	4090	1204	-704	253	91	Running
-152	1127	1238	-152	1127	1238	-737	434	-137	Running
-1156	4004	1817	-1156	5796	1622	-748	207	114	Running
763	225	-394	807	-5	-394	-693	345	703	Running
-818	344	259	-818	344	259	-690	245	525	Running
-1537	-2268	162	-360	-3082	-69	-720	172	352	Running
-367	1080	100	-367	1080	100	-754	318	-154	Running
-852	-51	-834	-935	-32	-826	-817	207	-48	Running
368	4523	1310	368	4523	1310	-751	153	500	Running
787	-2099	-1271	-578	-327	-1166	-768	196	569	Running
-1181	3011	2950	-2279	3034	2950	-768	154	390	Running
-2143	2284	2046	-2143	2284	1526	-793	216	-81	Running
-9	27	16	-278	189	16	-783	320	-139	Running
-3062	3423	651	-3062	3423	651	-740	142	314	Running
489	-1559	-450	233	-1630	-463	-727	250	646	Running
-627	-33	-297	614	-33	-297	-762	176	457	Running
153	5723	1611	153	4699	1803	-673	218	83	Running
-112	1224	1555	5	1513	1193	-750	390	-183	Running
-673	4011	1554	-673	4011	1554	-713	167	149	Running
747	26	247	747	-230	-464	-704	289	693	Running
-628	176	372	-472	364	491	-737	195	522	Running
-199	-1732	-68	-199	-1732	-68	-752	160	344	Running
-34	878	83	95	1014	83	-813	323	-169	Running
-681	36	-217	-681	36	551	-798	154	66	Running
1271	2018	820	759	1447	689	-698	269	704	Running
353	-618	-977	201	-664	-977	-704	253	661	Running
3126	10286	7050	3126	10286	-4214	-808	120	453	Running
-1444	1860	1292	-1444	813	2264	-950	126	-33	Running
-222	181	-32	-497	85	-32	-925	134	14	Running
-2897	1962	1466	-2897	1962	1466	-794	130	596	Running
1	-1263	-461	-75	-1575	-630	-758	321	826	Running
58	1295	-3143	152	1295	-3143	-857	178	606	Running
739	7222	613	739	3638	756	-757	174	214	Running
-44	838	715	-200	885	715	-769	297	-16	Running
-950	3660	1504	-950	3660	1504	-735	174	373	Running
881	-1187	182	881	-1051	-678	-645	463	854	Running
-422	295	210	-501	745	210	-670	297	630	Running
-1947	-1031	-122	-1947	-1031	125	-695	207	459	Running
-1059	1027	1464	-291	1141	746	-711	243	-34	Running
-534	-244	-936	-405	-162	-936	-728	162	116	Running
712	3634	1126	712	1586	1153	-662	271	631	Running
626	-815	-722	-266	-815	-722	-708	260	613	Running
-1678	6917	5292	-1678	8263	2551	-679	220	464	Running
-2176	1436	1299	-2403	1414	1299	-751	234	32	Running
-447	199	-948	-447	199	-948	-733	180	157	Running
163	4514	2446	-2196	3554	2446	-608	323	653	Running
35	2402	1044	35	2402	1044	-1138	412	989	Running
-216	-5	-613	-402	-5	-613	-1225	356	948	Running
-862	3448	1527	-862	3448	1527	-1254	706	1161	Running
61	-48	110	-136	-64	110	-1203	1036	1218	Running
242	1534	1082	754	297	1209	-1394	800	1148	Running
-662	1225	608	-662	1225	608	-1347	748	1148	Running
-1021	2018	1508	-1021	2018	1508	-1273	419	963	Running
412	460	-162	93	363	-162	-1264	414	957	Running
246	3767	-990	246	2999	-100	-1159	722	1115	Running
-141	-322	123	-43	-322	123	-1109	1160	1188	Running
102	751	148	102	751	660	-1018	900	1188	Running
1736	-181	-3780	344	-296	135	-905	965	1194	Running
-1382	1615	756	-1563	1615	756	-708	642	1023	Running
832	415	459	832	186	727	-705	535	967	Running
-2162	2398	1562	-2162	2398	1562	-518	940	1001	Running
-36	-819	182	-36	-819	-59	-438	1216	942	Running
-138	646	419	-88	651	419	-436	928	926	Running
-239	540	-199	-239	540	57	-394	978	888	Running
-1539	1832	1967	-1283	1354	2474	-319	673	629	Running
-413	-181	-210	-413	-181	-210	-302	668	648	Running
-1983	3022	1662	-1983	3278	1862	-249	823	713	Running
-227	-500	-50	102	-515	-50	-270	843	716	Running
-749	1824	2002	-558	1824	2002	-295	662	644	Running
-557	555	302	-557	555	558	-290	655	638	Running
-1194	2536	1832	-1287	2067	1977	-306	501	279	Running
-528	279	-322	-528	279	-322	-321	527	336	Running
-2579	1870	2274	-1299	3266	2370	-335	590	533	Running
275	-801	-210	40	-801	-210	-391	679	649	Running
-1046	2645	2139	-1302	1353	2705	-430	571	621	Running
-699	3591	1195	-114	3591	1195	-375	656	487	Running
-344	1060	490	-344	1060	1258	-413	610	177	Running
-704	-122	-128	-960	148	172	-433	570	189	Running
-389	2343	1242	-100	2369	1242	-411	635	486	Running
-489	-1127	-1242	-489	-871	-1286	-438	595	463	Running
855	-139	-3911	-913	2093	-3911	-434	527	473	Running
676	3042	1031	676	3042	1031	-300	588	245	Running
11	781	1247	11	742	811	-314	703	-2	Running
-1202	1351	1912	-1564	2517	1912	-385	519	-12	Running
547	823	418	547	823	-94	-454	461	396	Running
-508	-595	-961	-508	-20	-634	-553	454	296	Running
-138	-375	-1882	191	-375	-1882	-554	560	334	Running
-1846	2173	741	-1846	1917	1284	-531	615	17	Running
553	922	283	75	619	283	-446	658	-25	Running
-387	2135	848	-387	2135	848	-505	310	80	Running
561	-556	-450	674	-462	-107	-633	295	467	Running
-543	2312	1373	-725	2312	1373	-606	313	297	Running
-204	635	-21	-204	2322	782	-623	360	248	Running
-783	1598	816	-559	1193	816	-663	526	-19	Running
-721	-206	-227	-721	-206	29	-573	489	168	Running
-162	2842	1615	350	2056	1137	-298	664	576	Running
78	-1502	-732	78	-1502	-732	-138	563	326	Running
-3153	2673	69	-3153	6001	7210	-266	393	361	Running
11	2462	1274	-304	2043	1176	-293	447	153	Running
223	586	652	223	586	652	-387	571	-27	Running
-373	3893	2616	-663	4123	1867	-421	458	187	Running
-313	214	144	-315	214	144	-605	330	514	Running
-315	679	-845	-315	679	-77	-607	272	278	Running
1022	-388	-2833	476	-1160	-2660	-673	210	342	Running
-389	2050	840	-967	2091	840	-706	211	16	Running
658	573	-48	658	573	-48	-785	295	-132	Running
-1691	2134	822	-2015	2569	1397	-897	54	277	Running
-35	-423	230	-180	-423	230	-1173	130	772	Running
-295	100	99	-295	868	841	-1250	43	539	Running
48	-1711	-773	-480	-1936	-773	-1233	52	598	Running
-1987	2036	1456	-1987	2036	1989	-1272	12	266	Running
99	313	666	-442	53	448	-1313	34	224	Running
-2372	2527	1435	-2322	2527	1435	-1321	65	717	Running
-191	-181	107	-191	-181	-81	-1434	376	1103	Running
-547	1838	2160	-848	1723	2202	-1471	228	928	Running
-1037	-518	623	-1037	-518	367	-1417	240	965	Running
-1068	2122	1949	-1068	1578	1619	-1372	40	618	Running
-383	183	-790	-222	168	-790	-1318	55	705	Running
-2023	2604	1716	-2023	2604	2228	-1206	442	1150	Running
304	-888	-347	-4	-1167	-376	-1258	773	1300	Running
-828	771	2497	-763	771	2497	-1317	451	1142	Running
-1222	3397	1092	-1222	3397	1604	-1259	507	1168	Running
-763	1421	643	-632	1391	614	-1197	163	863	Running
-324	-53	-643	-324	-53	-131	-1119	305	1022	Running
-106	2896	1490	406	2464	1099	-1172	784	1265	Running
-178	-1715	-864	11	-1711	-864	-1062	926	1278	Running
934	-488	-4348	934	-488	-2300	-1287	717	1237	Running
652	3815	1022	-213	2788	1022	-1146	579	1156	Running
-107	491	1132	-107	491	1132	-1061	343	994	Running
-414	1255	1176	-414	3047	1938	-864	586	1049	Running
748	2135	686	523	1778	686	-898	956	1202	Running
-183	-596	-745	-183	-596	-745	-758	1007	1162	Running
-736	4872	4467	-736	12123	6319	-940	724	1175	Running
-163	1451	1694	-574	1386	1694	-758	533	1032	Running
433	521	374	433	521	-138	-792	383	952	Running
-1721	2316	309	-1787	2212	832	-639	700	1083	Running
215	588	274	471	59	204	-350	671	671	Running
341	439	1713	341	439	1713	-365	608	638	Running
93	4730	1633	93	4730	513	-318	618	563	Running
-594	1423	1491	-594	1423	1491	-317	548	255	Running
-341	-174	-534	-318	-174	-534	-340	484	311	Running
-1878	2368	1956	-2038	2561	1797	-337	545	594	Running
29	-385	193	29	-385	449	-362	643	696	Running
-229	2663	2065	-229	2663	2065	-324	550	602	Running
-499	-736	-560	-499	-736	-560	-238	589	532	Running
-1264	1833	1373	-1199	1383	1583	-224	533	197	Running
-11	327	-405	-192	327	-405	-225	602	168	Running
-2544	1976	2593	-2544	3512	2734	-263	528	308	Running
423	-686	269	464	-638	269	-451	484	509	Running
-361	1989	1729	-361	1221	1915	-467	474	432	Running
-417	-61	100	16	1115	114	-396	525	371	Running
-1204	1778	1864	-1080	1778	1864	-372	555	36	Running
-263	-16	-572	-263	-16	-400	-339	518	-29	Running
-1611	2646	1573	-241	4088	1573	-386	279	291	Running
178	-873	210	178	-873	210	-634	195	441	Running
206	-780	1500	974	-1674	91	-678	178	340	Running
349	1485	304	-11	1485	304	-592	204	252	Running
-1070	1296	1602	-1070	1296	813	-710	288	-117	Running
-182	-50	-461	-517	-44	-1000	-669	307	-56	Running
-202	3756	2303	-202	3756	2303	-731	138	371	Running
344	-812	-99	364	-675	-509	-979	120	631	Running
-861	2361	1792	-874	2361	1792	-1011	49	290	Running
-524	-18	-588	-524	-18	227	-1007	49	330	Running
-1257	1535	1446	-713	1325	1387	-1140	114	-89	Running
-62	197	-771	-105	197	-771	-1143	100	-4	Running
-1517	3065	1834	-1517	4089	1597	-1190	-2	439	Running
176	-890	-144	76	-767	-144	-1348	105	760	Running
-46	1900	1475	-46	1900	1475	-1332	4	463	Running
98	392	-891	98	864	389	-1284	18	559	Running
-1912	2107	2467	-1553	1714	2343	-1371	29	151	Running
249	122	373	3	122	373	-1459	10	227	Running
-3282	2541	814	-3026	1555	2065	-1455	152	843	Running
129	-261	224	80	-482	224	-1567	519	1141	Running
-552	2587	1652	-552	2075	3129	-1488	270	946	Running
-391	-721	-672	-221	360	447	-1414	332	992	Running
-1333	1265	2280	-1532	1265	2280	-1352	90	690	Running
-240	250	-696	-496	75	-1004	-1299	127	778	Running
-1377	3454	1826	-668	3454	1826	-1261	429	1110	Running
-199	-1056	-376	-199	-1056	-619	-1269	743	1252	Running
-776	1013	2184	-284	250	1267	-1249	568	1222	Running
-1250	3758	997	-1174	3758	997	-1042	648	1197	Running
-383	1037	899	-383	1037	595	-1065	300	954	Running
-435	63	-45	-388	-6	-167	-995	398	1021	Running
-875	2387	2355	-863	2387	2355	-964	776	1211	Running
-120	-811	-256	-120	-1040	-698	-941	966	1250	Running
900	-1203	-3375	533	-1376	-3564	-975	800	1249	Running
146	3666	470	217	3666	470	-730	712	1130	Running
-110	989	959	-110	989	1305	-638	356	825	Running
-1188	165	-289	-1444	641	780	-545	495	913	Running
-523	1759	819	-168	1759	819	-595	1056	1188	Running
-527	-1314	-953	-527	-1352	-1091	-577	1118	1206	Running
-892	9851	4659	-943	9851	4659	-891	816	1312	Running
-45	2040	1378	-45	2296	706	-852	504	1190	Running
274	628	735	374	578	735	-947	272	1033	Running
-2391	2391	1976	-2391	4439	2042	-859	624	1197	Running
588	684	445	452	-211	559	-1040	1142	1290	Running
-292	221	-614	-36	221	-614	-1055	933	1265	Running
159	-71	-943	159	-71	-2870	-1312	849	1233	Running
589	2013	1014	336	2056	949	-1317	455	1046	Running
862	388	397	862	388	293	-1296	224	829	Running
-1277	4069	482	-1244	4232	439	-1266	532	1109	Running
28	-524	-86	23	-524	-86	-1354	1057	1231	Running
59	179	-82	59	179	437	-1413	778	1198	Running
632	-575	-635	280	285	-664	-1465	740	1159	Running
-2261	1784	2163	-2233	1784	2163	-1328	329	958	Running
-273	477	-568	-273	477	-1071	-1343	301	934	Running
-2015	2596	2672	-2490	2863	2501	-1186	1005	1215	Running
620	-1115	-275	620	-1115	-275	-1307	1048	1234	Running
-1023	1163	2678	-1023	1163	618	-1480	726	1179	Running
885	4275	664	885	4275	920	-1388	595	1148	Running
-46	621	1041	82	560	1165	-1317	273	930	Running
-1112	1151	924	-1048	1151	924	-1279	490	1088	Running
443	1797	1018	443	1285	660	-1425	946	1179	Running
-388	-1127	-1144	-254	-834	-1070	-1375	929	1182	Running
-3335	5064	-65	-3335	5064	-65	-1640	641	1003	Running
-27	1818	869	229	1893	693	-1569	469	908	Running
253	600	808	316	600	808	-1553	236	731	Running
-2300	3641	2417	-2300	4982	1562	-1545	405	937	Running
333	-408	850	122	-448	850	-1695	773	1090	Running
21	46	-479	21	46	185	-1698	567	1022	Running
160	8127	-5820	1834	2456	-5820	-1818	480	859	Running
70	1963	854	70	1963	854	-1806	242	596	Running
211	571	148	211	472	317	-1824	227	479	Running
-1202	2520	960	-310	2481	960	-1856	334	713	Running
-43	-406	475	-43	-406	475	-1879	561	935	Running
271	20	12	271	550	514	-1799	357	734	Running
-217	-1315	-2984	-217	-1315	-2984	-1825	270	501	Running
-650	1882	1050	-1049	2101	1182	-1717	225	169	Running
432	649	0	338	649	0	-1621	256	22	Running
-658	2875	1233	-658	2875	1748	-1620	126	407	Running
-641	-1064	310	-257	-707	492	-1549	208	761	Running
274	1811	1124	274	1811	1577	-1497	112	348	Running
-423	372	-1021	-167	1238	532	-1387	105	179	Running
-604	1719	1379	-559	1719	1379	-1280	293	-168	Running
-365	139	-699	-365	139	-871	-1192	258	-142	Running
-556	3493	1918	163	3692	1997	-1111	120	429	Running
99	-1241	-1394	99	-1241	-1394	-1016	172	476	Running
-1557	1551	2488	-4438	4418	2476	-948	185	243	Running
373	1599	1505	181	1599	1505	-847	262	83	Running
529	590	1126	529	561	597	-762	464	-115	Running
-2244	4672	2076	-1980	4672	2076	-726	229	158	Running
897	-50	222	641	-218	102	-722	336	654	Running
-125	405	184	-32	405	184	-686	279	510	Running
-121	-372	-1894	-121	-372	154	-686	246	465	Running
-3050	1458	1683	-2563	1342	2226	-665	280	24	Running
267	145	-352	-29	145	-352	-605	319	117	Running
-2013	2613	1685	-2013	2613	1994	-673	237	491	Running
670	-385	308	260	-799	308	-713	342	673	Running
880	-326	1543	880	-326	1543	-724	258	520	Running
-41	2931	977	-41	6102	1384	-697	243	377	Running
-213	1593	996	-228	900	1339	-710	345	-1	Running
